1.000000000000000000e+00 0.000000000000000000e+00 0.000000000000000000e+00 0.000000000000000000e+00 0.000000000000000000e+00 1.000000000000000000e+00 0.000000000000000000e+00 0.000000000000000000e+00 0.000000000000000000e+00 0.000000000000000000e+00 1.000000000000000000e+00 0.000000000000000000e+00
9.999944360353941741e-01 -6.881149402880856530e-04 3.264107241265466839e-03 -5.478128221103388540e-02 6.886895588960067647e-04 9.999997475546588133e-01 -1.749208689543029209e-04 -1.989449220729575807e-01 -3.263986051593502011e-03 1.771678522769546240e-04 9.999946574890322681e-01 1.397409214368295460e+00
9.999948053746542387e-01 2.813130615433392240e-03 -1.573378481662727557e-03 -1.621650725005079063e-03 -2.811153458885103790e-03 9.999952581264767160e-01 1.257434209740856393e-03 -4.297937463378467271e-01 1.576908347573285170e-03 -1.253004669480376572e-03 9.999979716676234975e-01 2.839220421885562118e+00
9.999896082806122299e-01 4.554334762165923416e-03 -2.033854987402401520e-04 -2.739253331838737218e-02 -4.554759118659346476e-03 9.999873432747288238e-01 -2.137161603708396911e-03 -6.074519631919451657e-01 1.936495751617289558e-04 2.138065766879717906e-03 9.999976955846541227e-01 4.174494424699111583e+00
9.999817591008292039e-01 2.512333163742084836e-03 -5.492690386657746345e-03 6.434075686758058965e-02 -2.529058157096769448e-03 9.999921806994875872e-01 -3.040132352699884567e-03 -8.030178402641361401e-01 5.485009612329142144e-03 3.053968231378960917e-03 9.999802937796297142e-01 5.460902917136529311e+00
9.999239641409546353e-01 9.322805896940207851e-04 -1.229621037307634945e-02 1.936181443733863417e-01 -9.946614093176431304e-04 9.999866627463425139e-01 -5.068034936037147872e-03 -9.658993340742192402e-01 1.229132154480083901e-02 5.079880149586068518e-03 9.999115552049336886e-01 6.629731505559543159e+00
9.998442446854155508e-01 -2.494316640966409183e-03 -1.747182743573291383e-02 2.501209249059964113e-01 2.369722321725211463e-03 9.999716431918554971e-01 -7.148232529645666758e-03 -1.120895340502764626e+00 1.748916194582661107e-02 7.105715774963510326e-03 9.998218031318174548e-01 7.776707826257585054e+00
9.995823486715995632e-01 1.079584995007682119e-03 -2.887841270579252079e-02 4.991509201521157069e-01 -1.348712116576833648e-03 9.999558308966329800e-01 -9.301463941243258080e-03 -1.308193291624007992e+00 2.886709545129412940e-02 9.336527837595942972e-03 9.995396540648827655e-01 9.040122089278053608e+00
9.994383435740433752e-01 3.843780778595256176e-03 -3.328997962296236651e-02 4.953795218912546705e-01 -4.302535453336866003e-03 9.998966207975702458e-01 -1.371990912041597468e-02 -1.517625914921694408e+00 3.323380180845895981e-02 1.385543456286362531e-02 9.993515604382835482e-01 1.041381638221913164e+01
9.991580259139813958e-01 9.398549205274551663e-03 -3.993628080468226982e-02 5.654070460528615172e-01 -1.017139171327966982e-02 9.997640584505713690e-01 -1.919297322087635399e-02 -1.719970640880222224e+00 3.974647207349894795e-02 1.958302079042671673e-02 9.990178793467280327e-01 1.176254519095268236e+01
9.989079392320562301e-01 1.328950748781800896e-02 -4.479194045692681120e-02 5.690742531228719647e-01 -1.424351595132297699e-02 9.996770161622123840e-01 -2.104722334086500321e-02 -1.938943251518151278e+00 4.449776615190995793e-02 2.166223321236927443e-02 9.987745974241357683e-01 1.305871285467107512e+01
9.990279183839826382e-01 1.260540545262933514e-02 -4.224123628329532615e-02 4.703543968849180357e-01 -1.350210218352724742e-02 9.996880804188053027e-01 -2.101035709336598889e-02 -2.173283225501120963e+00 4.196321634469839940e-02 2.156027880014518491e-02 9.988865014865644376e-01 1.436429516644873239e+01
9.989579343516427068e-01 1.243740786050083480e-02 -4.391305365844942049e-02 4.134904751875581597e-01 -1.331879668879921465e-02 9.997145302084295970e-01 -1.983602139801404415e-02 -2.420540375668424726e+00 4.365380911971770972e-02 2.040021999517637602e-02 9.988384133449649260e-01 1.572021061185859914e+01
9.986538402368737577e-01 1.112176243726554700e-02 -5.066373239737714113e-02 4.351338505639222309e-01 -1.195775280640260126e-02 9.997968171977705820e-01 -1.622764520902059138e-02 -2.659881015411693195e+00 5.047295838332638979e-02 1.681162459424755465e-02 9.985839222371530877e-01 1.702898177463592333e+01
9.983974600550119538e-01 6.524313402785159727e-03 -5.621338888843491199e-02 4.266668702882316366e-01 -7.467513604364389539e-03 9.998345693471767381e-01 -1.658523979072456384e-02 -2.862953142641810889e+00 5.609588216855877080e-02 1.697843552773461301e-02 9.982810149105113551e-01 1.831194166455012962e+01
9.980349514694546453e-01 6.413037961305065836e-03 -6.233063925125186672e-02 3.964007353031897551e-01 -7.723326861968827887e-03 9.997537533466543946e-01 -2.080343460736197927e-02 -3.077655238632238444e+00 6.218187732407288310e-02 2.124395474920945034e-02 9.978387186910852025e-01 1.965773292809787876e+01
9.979495793938912840e-01 7.127893477788171603e-03 -6.360684021489868001e-02 3.151620531663896774e-01 -8.649530536124962893e-03 9.996821870256994425e-01 -2.367932779918610967e-02 -3.303468424485934030e+00 6.341784140964594474e-02 2.418094452427311386e-02 9.976940710021560133e-01 2.095366381211136542e+01
9.979070008266494041e-01 6.489061552081034495e-03 -6.433902222860186926e-02 1.896008075921158664e-01 -8.102727143281624952e-03 9.996583150040059262e-01 -2.485154031836476346e-02 -3.562650344517679812e+00 6.415577537525954388e-02 2.532084760680591504e-02 9.976186100722421735e-01 2.239344279388798498e+01
9.976506896202231855e-01 1.944448266060919833e-02 -6.568876307522285296e-02 1.198008339094499136e-01 -2.130045167750015817e-02 9.993900693678445801e-01 -2.767273039059331419e-02 -3.767410042350842758e+00 6.511061556018332697e-02 2.900691888148852760e-02 9.974563681677394156e-01 2.379147026544270105e+01
9.976829664939715903e-01 2.084680396188059656e-02 -6.476194200578568039e-02 -4.162752370854061468e-03 -2.250238203191448280e-02 9.994356443807667079e-01 -2.494064041061570119e-02 -4.001942671859741729e+00 6.420546059857840104e-02 2.634015007126542726e-02 9.975890212525139189e-01 2.514647443855230691e+01
9.979861833676328953e-01 1.990802294755986135e-02 -6.022664219115803075e-02 -1.614914938454695970e-01 -2.156244293697475584e-02 9.994043145693566332e-01 -2.694581738868715923e-02 -4.201426245337900767e+00 5.965432810695343868e-02 2.819018698898959410e-02 9.978209631470139618e-01 2.649914878462304202e+01
9.982728659763951962e-01 1.980767304054951647e-02 -5.530769516071327996e-02 -3.259756281013682644e-01 -2.154272943470512611e-02 9.992886582119901995e-01 -3.095300271996526131e-02 -4.430088450509924947e+00 5.465524552844672895e-02 3.209102144833932135e-02 9.979894641120353738e-01 2.791404963899547553e+01
9.984650424844706551e-01 1.695228471783382165e-02 -5.272740254676022004e-02 -5.079912160626546269e-01 -1.878158144414747086e-02 9.992318684936277728e-01 -3.439367943662476057e-02 -4.682272647084251282e+00 5.210384952131141834e-02 3.533119060515717280e-02 9.980164807434205310e-01 2.929669732678576466e+01
9.988271935315721217e-01 9.784369861108603919e-03 -4.741838850343725598e-02 -3.907677189856317290e-01 -1.148672055019262991e-02 9.992943128130608033e-01 -3.576215360507292718e-02 -4.732590189177876105e+00 4.703501581634333961e-02 3.626489329767943609e-02 9.982347243014868532e-01 2.952728900708921600e+01
9.987544136068694511e-01 1.360268266377574753e-02 -4.800612799575668804e-02 -4.297910034087293329e-01 -1.540363610380667513e-02 9.991836419367006172e-01 -3.734672249194498361e-02 -4.983236405378261402e+00 4.745892219148963032e-02 3.803967284898038953e-02 9.981486031618568289e-01 3.084875217733155495e+01
9.987721394386814833e-01 1.297538711349668743e-02 -4.781059307655179114e-02 -5.708029372288103698e-01 -1.488749314903574719e-02 9.990944904131630055e-01 -3.985676572171950593e-02 -5.240647774384048496e+00 4.725014316183749619e-02 4.051960704786660566e-02 9.980609126781152529e-01 3.218271054364039685e+01
9.987490693907584705e-01 9.537523486816287810e-03 -4.908494715111580420e-02 -7.034261250614062266e-01 -1.158273322186148709e-02 9.990691852458251088e-01 -4.155241729852227062e-02 -5.526122491285843985e+00 4.864295100218109930e-02 4.206897595589616234e-02 9.979298896114003892e-01 3.374929812172029386e+01
9.985772471938579864e-01 1.238870769192114765e-02 -5.186522253356585371e-02 -7.522574427662521712e-01 -1.452898902877949525e-02 9.990496166785213239e-01 -4.109466987696614587e-02 -5.764849014942099892e+00 5.130682083830358925e-02 4.178975156924664286e-02 9.978082114310575790e-01 3.499611953318280655e+01
9.988012863219605242e-01 1.188711596872178353e-02 -4.748354362869655620e-02 -9.029736827561605228e-01 -1.384638800368039740e-02 9.990570894410609748e-01 -4.114862788480956601e-02 -6.023336805592086840e+00 4.694963238241283560e-02 4.175677803060415250e-02 9.980240996627578465e-01 3.637914561113908718e+01
9.985623614756805599e-01 1.150328409480664768e-02 -5.235345928532375570e-02 -9.208349882553503729e-01 -1.368935532024812343e-02 9.990409428160685890e-01 -4.159081783389020209e-02 -6.302308399523916194e+00 5.182481833081403061e-02 4.224771037831526882e-02 9.977621556126325952e-01 3.781706258352372885e+01
9.987692777363815777e-01 1.519921968313747533e-02 -4.721137120402918441e-02 -1.072872596553497759e+00 -1.722357078865422580e-02 9.989363912768640663e-01 -4.277189254684493624e-02 -6.552197324340638396e+00 4.651105738670247708e-02 4.353240062039256258e-02 9.979687628563302937e-01 3.911514295135307862e+01
9.987784948185378653e-01 1.215060649372780299e-02 -4.789447828136238205e-02 -1.149876767083954920e+00 -1.432525367448855488e-02 9.988695126830438031e-01 -4.532641326528109860e-02 -6.804355290075197793e+00 4.728959076975466913e-02 4.595714736760838498e-02 9.978234489180234368e-01 4.051361117744446005e+01
9.994727421659734823e-01 1.054672451203736948e-02 -3.070837457907759152e-02 -1.418285832076186637e+00 -1.183601595167441643e-02 9.990428483456120778e-01 -4.211052001426880687e-02 -6.792461473755891710e+00 3.023485395389655800e-02 4.245178172406442740e-02 9.986409263768618594e-01 4.035397816107890634e+01
9.993638351153765198e-01 8.224652211158719681e-03 -3.470273994202871526e-02 -1.385156249584462707e+00 -9.744900957226052679e-03 9.989897843919890441e-01 -4.386852614091826114e-02 -7.041677979796959086e+00 3.430687932197338391e-02 4.417879328872682809e-02 9.984344105922717816e-01 4.168779885052471457e+01
9.991765397109768632e-01 5.870694824391120559e-03 -4.014694799694160793e-02 -1.303831289555712925e+00 -7.654585682439032576e-03 9.989833658169307018e-01 -4.442569233113808497e-02 -7.294276661323245925e+00 3.984532355522366759e-02 4.469641779102218743e-02 9.982056804223405910e-01 4.293803840029729457e+01
9.991428007809850520e-01 5.299155736646005317e-03 -4.105584728146151330e-02 -1.373476519456409140e+00 -7.238383207434268690e-03 9.988578052514843764e-01 -4.723018840450174394e-02 -7.552818765724832240e+00 4.075867338447421856e-02 4.748688067941674723e-02 9.980399424408202824e-01 4.432655470211748394e+01
9.990134537005634918e-01 5.600114066394857280e-03 -4.405403554392396670e-02 -1.427240974346912106e+00 -7.681881252742282611e-03 9.988545758083759996e-01 -4.722843515386619673e-02 -7.843915718973414997e+00 4.373909036183434157e-02 4.752025998568968485e-02 9.979121789342040305e-01 4.580002059219957999e+01
9.990238111891812656e-01 9.621169806559002474e-03 -4.311447284364513383e-02 -1.538882040873449153e+00 -1.168468943037903780e-02 9.987853278742432339e-01 -4.786791050434059669e-02 -8.161713159701493581e+00 4.260155760001782532e-02 4.832496161084173097e-02 9.979227451939164384e-01 4.728879308965229455e+01
9.988793618439367750e-01 1.196638615710545611e-02 -4.579111359833452216e-02 -1.604867593570818984e+00 -1.428914089855811038e-02 9.986097397423375766e-01 -5.073862576102501631e-02 -8.429567525984099419e+00 4.512029404400733079e-02 5.133608179511977426e-02 9.976616489428201673e-01 4.872250032041281997e+01
9.989072789405902819e-01 1.520795325862959145e-02 -4.419237759133909371e-02 -1.714475062217287515e+00 -1.752121244874074724e-02 9.984704441730023472e-01 -5.243833738105315584e-02 -8.723256115627203044e+00 4.332730309883398023e-02 5.315534094186959158e-02 9.976458562714204392e-01 5.016619710388552278e+01
9.988266239317553641e-01 9.737570950295714595e-03 -4.744001514613314235e-02 -1.775707800790499391e+00 -1.215372277200680098e-02 9.986292171152193475e-01 -5.091143041224970023e-02 -9.015740225862066026e+00 4.687923151949666828e-02 5.142826495059010794e-02 9.975757972286185549e-01 5.154771376876723110e+01
9.989954005303849360e-01 1.208980176914883214e-02 -4.315120406552205856e-02 -1.895787352475453824e+00 -1.442332757908373377e-02 9.984268558956000961e-01 -5.418284828217753701e-02 -9.268243635185932305e+00 4.242826110822910113e-02 5.475080017320031744e-02 9.975982119770095968e-01 5.287590898968099395e+01
9.990651773120939882e-01 9.494995963686950549e-03 -4.217364738777723554e-02 -2.021387577002588642e+00 -1.190367406557995243e-02 9.982897934345076330e-01 -5.723452514195274260e-02 -9.538504512826671444e+00 4.155808015391740384e-02 5.768304236197981105e-02 9.974695948237144449e-01 5.423229286984635422e+01
9.990052861749103563e-01 1.183496127365217011e-02 -4.299269573102725700e-02 -2.097113744854336659e+00 -1.445864387242029418e-02 9.980185149336190387e-01 -6.123717389838426867e-02 -9.814158121005707613e+00 4.218276676487733162e-02 6.179787651158891171e-02 9.971968896094279833e-01 5.565350837833399567e+01
9.989636644108926822e-01 1.219725619080555545e-02 -4.385001856513066204e-02 -2.136361653560756579e+00 -1.490844540784449536e-02 9.979621129879201469e-01 -6.204320507682299646e-02 -1.011466938168618235e+01 4.300390031459647155e-02 6.263264310325133977e-02 9.971097314617045626e-01 5.706492034081381348e+01
9.989038499303236618e-01 5.741661925099856428e-03 -4.645569838782658695e-02 -2.202398210626725028e+00 -8.539044992083298299e-03 9.981471766202918428e-01 -6.024365954655622885e-02 -1.044262343553260663e+01 4.602372545748566884e-02 6.057431075361952022e-02 9.971020858326080649e-01 5.851039524292525584e+01
9.986972376499541060e-01 7.969722088144648095e-03 -5.040149839216363781e-02 -2.148347384004882343e+00 -1.118814950040514407e-02 9.978936101263610192e-01 -6.389967276702480936e-02 -1.072399648567158437e+01 4.978607055285747679e-02 6.438032617822010695e-02 9.966827583439437088e-01 5.987050061545138391e+01
9.987624249662407916e-01 3.949202677206348932e-05 -4.973546939479274454e-02 -2.233253267476104753e+00 -3.199069392660969409e-03 9.979799136509741597e-01 -6.344964857438306627e-02 -1.101991572355304960e+01 4.963249369678564976e-02 6.353023209127757476e-02 9.967449649633889353e-01 6.113738999044581135e+01
9.982169218970691205e-01 3.321854276272559036e-03 -5.959817214056088719e-02 -2.168418306612147184e+00 -7.318420111851183657e-03 9.977284050925470105e-01 -6.696618847258771490e-02 -1.133379011301421180e+01 5.924033731668957442e-02 6.728294698990898437e-02 9.959736881459059221e-01 6.263906231361330157e+01
9.980780236988998633e-01 9.005080302552679467e-03 -6.131204725037634612e-02 -2.249582817822808778e+00 -1.330635481552453273e-02 9.974504325705503271e-01 -7.011116520456849022e-02 -1.164739011218229692e+01 6.052437137890132740e-02 7.079225306178289767e-02 9.956531812712826612e-01 6.409314609732626877e+01
9.983526226731493924e-01 4.798641052119025432e-03 -5.717529051685037861e-02 -2.380685388830903193e+00 -8.614132667210831762e-03 9.977375670801413854e-01 -6.667491248879355015e-02 -1.197732821916513579e+01 5.672598628516749980e-02 6.705758928748861702e-02 9.961352529646390064e-01 6.541225565771969741e+01
9.973288176025525420e-01 1.117451194616501421e-02 -7.218282248740980067e-02 -2.161561454409338445e+00 -1.630457682578956291e-02 9.973517965306932798e-01 -7.087703952288323950e-02 -1.226168442129016434e+01 7.119965136161719721e-02 7.186462439727531182e-02 9.948698836562608339e-01 6.685040620901143882e+01
9.981515262129578847e-01 1.101751265362046345e-02 -5.976742535578462995e-02 -2.361190533590380003e+00 -1.524770301124875847e-02 9.973747032417258351e-01 -7.078989254376170936e-02 -1.230183189970462365e+01 5.883058959089845080e-02 7.157035523457946913e-02 9.956990740077964475e-01 6.709692718650525478e+01
9.979960917990573499e-01 1.473433069571098222e-02 -6.153617028014649742e-02 -2.445162795706161241e+00 -1.917808668579908463e-02 9.972014831331017515e-01 -7.225927641631443854e-02 -1.261358199837034455e+01 6.029926819514261349e-02 7.329462146765468311e-02 9.954857591744059597e-01 6.849190980524608108e+01
9.977489013352831559e-01 1.663574782335972349e-02 -6.496446550679493837e-02 -2.497545360893294042e+00 -2.136576001949663101e-02 9.971171602874788764e-01 -7.280709415310056276e-02 -1.292546731062420484e+01 6.356598290764688131e-02 7.403121338048397615e-02 9.952279865751353372e-01 6.983179271837676083e+01
9.977499794554208767e-01 1.917343736315210018e-02 -6.424451569105550652e-02 -2.628411989408951044e+00 -2.400925442259800244e-02 9.968668323637830397e-01 -7.536626722256489774e-02 -1.323472755257923694e+01 6.259819644980164910e-02 7.673915449542943745e-02 9.950842014465698382e-01 7.121973234283790077e+01
9.974566198193091093e-01 1.702113920065165958e-02 -6.921396101178144133e-02 -2.715815053815543223e+00 -2.224288364664362208e-02 9.969062428979202917e-01 -7.538698162301470107e-02 -1.359226060368958500e+01 6.771665752021614748e-02 7.673476194958134267e-02 9.947493305365077143e-01 7.271690847043696238e+01
9.970895631686143012e-01 1.957907349797805355e-02 -7.368217492156885207e-02 -2.713468075228943732e+00 -2.514605507729340134e-02 9.968361455992782449e-01 -7.540142399728054501e-02 -1.396008136761676610e+01 7.197276522589385328e-02 7.703478894453279213e-02 9.944272534268199237e-01 7.414157604314218020e+01
9.969457610149922155e-01 2.961239404095551350e-02 -7.226517635341496437e-02 -2.837766803309010211e+00 -3.573831213930227929e-02 9.957393478226805872e-01 -8.500543655019407452e-02 -1.422958424853189463e+01 6.944006508969291502e-02 8.732844506126535844e-02 9.937564188690909406e-01 7.552307484502814816e+01
9.970726369092053343e-01 3.029074466002631624e-02 -7.020418445401252483e-02 -2.957148436674303049e+00 -3.645862709190431095e-02 9.954256127406210242e-01 -8.830978434197585270e-02 -1.453183528073759945e+01 6.720807419860640175e-02 9.061081772003774792e-02 9.936159995061575323e-01 7.680737231481187166e+01
9.966182606587995485e-01 3.060915479621634933e-02 -7.625694830032266058e-02 -3.005268631379067301e+00 -3.757937675163326025e-02 9.950760101593386642e-01 -9.171436336977592529e-02 -1.485294767657522108e+01 7.307416071619038389e-02 9.426989788912337742e-02 9.928611954284436436e-01 7.822895916277497008e+01
9.970894628478477184e-01 2.224908477263002476e-02 -7.292174781611959755e-02 -3.268203421053286650e+00 -2.895263623104379902e-02 9.953194525364126299e-01 -9.220050031252961797e-02 -1.513290358149474457e+01 7.052905736680636917e-02 9.404342416877557731e-02 9.930667079494509553e-01 7.937833530548918759e+01
9.969740603915250299e-01 2.861898441613809282e-02 -7.227500700387873289e-02 -3.408539335769737111e+00 -3.551194277295232488e-02 9.947512421729066689e-01 -9.596284758144955906e-02 -1.546207650265567857e+01 6.914929375570233461e-02 9.823909571264778651e-02 9.927575007254537676e-01 8.074797081580285862e+01
9.970971004345333677e-01 2.320534939017234247e-02 -7.251816368821990821e-02 -3.564170115192538901e+00 -3.015578948502605286e-02 9.948983952990579915e-01 -9.626947279321945716e-02 -1.579011907077179977e+01 6.991423793167023115e-02 9.817685466050347920e-02 9.927100808108098029e-01 8.208625489406962572e+01
9.977908754982978135e-01 1.695189630318071072e-02 -6.423396285496900393e-02 -3.862787524460478572e+00 -2.309303805136883950e-02 9.951033893283913745e-01 -9.610388202718087025e-02 -1.592764420046882812e+01 6.229029110451604623e-02 9.737493393508638018e-02 9.932965528356829665e-01 8.257781379048559245e+01
9.977176459659384822e-01 1.375866943286906292e-02 -6.610747267600790289e-02 -3.954246681759119308e+00 -2.003049555757360073e-02 9.952596595699221282e-01 -9.516821570497673022e-02 -1.629526013645597260e+01 6.448471273015103644e-02 9.627517358170767370e-02 9.932637176379298660e-01 8.396602446052074242e+01
9.980104297599100560e-01 1.487743705024419279e-02 -6.126862131009944146e-02 -4.162699406976788197e+00 -2.088478496221223349e-02 9.949071952928016938e-01 -9.860780147473673096e-02 -1.660874510219278122e+01 5.948956082798457362e-02 9.969119630847506075e-02 9.932384696189924256e-01 8.525301539323496058e+01
9.980206088265003439e-01 9.944709951123432978e-03 -6.209643388756364707e-02 -4.271814600438771592e+00 -1.607894519340880707e-02 9.949493627488860126e-01 -9.908195136876160602e-02 -1.697226064870343976e+01 6.079746605765620759e-02 9.988427458595404429e-02 9.931398692084644209e-01 8.660727598272991656e+01
9.973655598263118094e-01 2.531994787940511967e-03 -7.249502793105810916e-02 -4.257908745822751584e+00 -9.723887830506197302e-03 9.950374051051966706e-01 -9.902529195596575240e-02 -1.734699475169924199e+01 7.188453295244232044e-02 9.946934926849737568e-02 9.924406594241843571e-01 8.800022557449344163e+01
9.976176769002876865e-01 1.379593281115503410e-03 -6.897149743507691166e-02 -4.448190686060704557e+00 -8.362400118773932398e-03 9.948455755505077880e-01 -1.010561778013575468e-01 -1.770124549807880854e+01 6.847657263846985976e-02 1.013921965929564101e-01 9.924870686662581321e-01 8.940473686160606803e+01
9.975097684014518906e-01 4.464548557644570752e-03 -7.038699986391364072e-02 -4.533306075540821212e+00 -1.170640783187125097e-02 9.946318510138818514e-01 -1.028126498265716782e-01 -1.806455225134579123e+01 6.955013989446776068e-02 1.033806014437126247e-01 9.922072511757784596e-01 9.074963115940640535e+01
9.977428586548646727e-01 6.636682289295731119e-03 -6.682172140400252647e-02 -4.711030316966999365e+00 -1.369687996234957364e-02 9.942972469755750886e-01 -1.057609575224983667e-01 -1.840313709003573805e+01 6.573875175648037639e-02 1.064374891895220332e-01 9.921438793907507714e-01 9.208845997780765913e+01
9.982594420595902740e-01 1.603825036481541441e-02 -5.675262869766738855e-02 -4.935791716924874173e+00 -2.218878599589702710e-02 9.937432805712353989e-01 -1.094620943319355028e-01 -1.872456299444303696e+01 5.464196294870877352e-02 1.105308411473499425e-01 9.923694821186160864e-01 9.338018750717841954e+01
9.981773752056377624e-01 1.389301047144413798e-02 -5.872743726409657833e-02 -5.009194299193644007e+00 -2.022562263055694906e-02 9.938740651925129788e-01 -1.086520442831201555e-01 -1.909700135466091808e+01 5.685817282303694264e-02 1.096418113574155195e-01 9.923436004658313658e-01 9.473797060893153343e+01
9.984270367822717374e-01 1.799877029917328758e-02 -5.309893115566365757e-02 -5.160962882871567459e+00 -2.341767328846111260e-02 9.943781885397046105e-01 -1.032648572082340982e-01 -1.949976020921344144e+01 5.094177853109549403e-02 1.043458788079319743e-01 9.932355575470946940e-01 9.599419239133031567e+01
9.979726924721677994e-01 2.072493000052351084e-02 -6.017459892936105614e-02 -5.112942905972800212e+00 -2.703696691968547269e-02 9.939927910875226980e-01 -1.060534473075109840e-01 -1.984598863711897110e+01 5.761516727060568555e-02 1.074653829960910412e-01 9.925380012663909124e-01 9.731863744635565183e+01
9.976899510688767014e-01 1.429146981401374986e-02 -6.641171151778967052e-02 -5.121335880968500121e+00 -2.141639343717376479e-02 9.939371365703972838e-01 -1.078438994026548192e-01 -2.017038466275646513e+01 6.446781854779290444e-02 1.090170740608132904e-01 9.919471648908049222e-01 9.848288360263943275e+01
9.973227955058676653e-01 1.593358473529327482e-02 -7.136779695232434162e-02 -5.133085746535976490e+00 -2.382636239024510730e-02 9.935183995019557512e-01 -1.111462743698922034e-01 -2.052947295184976184e+01 6.913426082336937561e-02 1.125491480578233172e-01 9.912381869418986913e-01 9.985084067849976464e+01
9.976344190177794946e-01 1.457213467352790753e-02 -6.718049480390728134e-02 -5.283784928534706715e+00 -2.207632829464830845e-02 9.934232992440829024e-01 -1.123511648716391947e-01 -2.086848410956674371e+01 6.510147248771058770e-02 1.135684877509772345e-01 9.913949752091172352e-01 1.011594213790538248e+02
9.977343037656443148e-01 1.292696404504286092e-02 -6.602387969398712531e-02 -5.396312256093843907e+00 -2.030695945130185989e-02 9.934598950629611736e-01 -1.123613113990716422e-01 -2.122406856509860518e+01 6.413958595992867717e-02 1.134474790467117633e-01 9.914715240544389463e-01 1.024958676262227470e+02
9.977108509262648806e-01 1.311679488409170716e-02 -6.634009071397800605e-02 -5.496148552429308332e+00 -2.062920460433505243e-02 9.932829347106596485e-01 -1.138571364911227235e-01 -2.159770097915989240e+01 6.440103928790763543e-02 1.149650438373956834e-01 9.912797510461414108e-01 1.038930915791919887e+02
9.979904758044665369e-01 1.018278410291573004e-02 -6.254055573362311826e-02 -5.639637712559611771e+00 -1.748518374456580274e-02 9.929365759027998228e-01 -1.173508610272153557e-01 -2.194558261815546629e+01 6.090384678307074473e-02 1.182085747411050630e-01 9.911192936799780862e-01 1.051780500934874141e+02
9.983289882665485893e-01 1.099853562741723995e-02 -5.672974000226187891e-02 -5.862340487868901384e+00 -1.785861478142184919e-02 9.923846562961405882e-01 -1.218760182565265249e-01 -2.229802314622245518e+01 5.495726580499201569e-02 1.226854765733450536e-01 9.909227885023176308e-01 1.064962234867000461e+02
9.982976755357912957e-01 1.015633359007335132e-02 -5.743343893433639630e-02 -5.909187482771945277e+00 -1.713064810698092938e-02 9.923479904003625895e-01 -1.222783989254937753e-01 -2.267079947575734877e+01 5.575205749792338378e-02 1.230541134475175574e-01 9.908326767160998694e-01 1.077333558346803954e+02
9.986827682466270506e-01 1.096477000258330552e-02 -5.012486634421992049e-02 -6.078678782371518707e+00 -1.726297567461214724e-02 9.917523778321960526e-01 -1.270008296627586353e-01 -2.301216716740306012e+01 4.831892049801167488e-02 1.276988444856166638e-01 9.906352946664799264e-01 1.090621281143134240e+02
9.986779512040802054e-01 1.030870580662036212e-02 -5.035951115126908323e-02 -6.124407107275269269e+00 -1.662040142341814769e-02 9.918182716594126092e-01 -1.265712378822509698e-01 -2.337801583061396826e+01 4.864269765675672402e-02 1.272408998204329345e-01 9.906783743362714834e-01 1.103636193707461928e+02
9.986954062335250404e-01 9.387462781173626716e-03 -5.019323769760532933e-02 -6.185063471108441568e+00 -1.560492076040966535e-02 9.920398610915971416e-01 -1.249535931992803994e-01 -2.375731838396556483e+01 4.862069534773776763e-02 1.255738410174745689e-01 9.908921426855787917e-01 1.116700880753149221e+02
9.987336539680676806e-01 9.026946011846283605e-03 -4.949346095468225293e-02 -6.280535540256696692e+00 -1.520710147975593701e-02 9.919196756621482258e-01 -1.259527732877187556e-01 -2.411429260860674262e+01 4.795656885305508293e-02 1.265459255763782265e-01 9.908008358009477989e-01 1.129451617364483837e+02
9.987373286940209871e-01 1.034411845650859071e-02 -4.916042602001722411e-02 -6.336791507513638955e+00 -1.657010669821155913e-02 9.916382935982606117e-01 -1.279801790650583471e-01 -2.449584781977337400e+01 4.742551883871926749e-02 1.286331756697011997e-01 9.905575835255630013e-01 1.142705548761159235e+02
9.988020736093794483e-01 1.485641567764186231e-02 -4.662300576750944697e-02 -6.408274615818665865e+00 -2.091731883601892494e-02 9.909845217887679469e-01 -1.323334551343074983e-01 -2.484514233504290814e+01 4.423667625733639780e-02 1.331501576727738279e-01 9.901081516609265831e-01 1.155515997158302781e+02
9.988200224182806064e-01 1.619011100854749613e-02 -4.578693178034728278e-02 -6.463358740342171060e+00 -2.203247043696885538e-02 9.912529034012336204e-01 -1.301239860481266941e-01 -2.525097457378602428e+01 4.327970728610953249e-02 1.309792418825969640e-01 9.904399553395887290e-01 1.168134393719911941e+02
9.988015887701079398e-01 1.515248557071569892e-02 -4.653803231034940591e-02 -6.463458157632255840e+00 -2.122053488209880989e-02 9.909156076614137332e-01 -1.328004043379144017e-01 -2.561592738751175347e+01 4.410300635566086203e-02 1.336288167800086801e-01 9.900496271179367591e-01 1.180821892631348362e+02
9.988741822743497645e-01 2.282954421372530157e-02 -4.158340891176825344e-02 -6.573817106438232472e+00 -2.833712102645864761e-02 9.901538996253718139e-01 -1.370848738139421319e-01 -2.598241233418912444e+01 3.804438930593528195e-02 1.381088953241104422e-01 9.896860903714320701e-01 1.194078311960457057e+02
9.985684160130465781e-01 2.014428349423183148e-02 -4.955125007181244295e-02 -6.476504652660671546e+00 -2.651477139464131216e-02 9.909654334599977688e-01 -1.314704399677373292e-01 -2.645023447181198506e+01 4.645519819207690609e-02 1.325960690590954894e-01 9.900809042856087983e-01 1.207454410610030067e+02
9.987121199374029423e-01 2.252753885627096012e-02 -4.545999871532706293e-02 -6.556677066352471606e+00 -2.841332025358060676e-02 9.906696583783334287e-01 -1.332903267334315800e-01 -2.679899660925162053e+01 4.203313838254005286e-02 1.344103342813213475e-01 9.900338768527553457e-01 1.219819806237830164e+02
9.988693868226641293e-01 2.206150213666059276e-02 -4.210983486038640672e-02 -6.631911534050662027e+00 -2.748384467349753932e-02 9.907518189485891025e-01 -1.328738933425464008e-01 -2.718701730093803803e+01 3.878899780166943090e-02 1.338810045283397310e-01 9.902379967846233200e-01 1.232752939851297640e+02
9.987405607198158730e-01 2.511324184747407498e-02 -4.343520987583008447e-02 -6.645882856216595691e+00 -3.069963912700086547e-02 9.906206878968077945e-01 -1.331472300436931377e-01 -2.758120451179819455e+01 3.968405889672838721e-02 1.343129844607227896e-01 9.901440287527536466e-01 1.245859377391532803e+02
9.987096739311471794e-01 2.555954693280363885e-02 -4.388276150051655111e-02 -6.670350159336845941e+00 -3.135351015275703035e-02 9.900909918373023144e-01 -1.368823775498861361e-01 -2.789443887306613590e+01 3.994927530534608112e-02 1.380816332580055150e-01 9.896148331342740079e-01 1.257564808031145418e+02
9.987791272810387921e-01 1.862186164983809303e-02 -4.575457546956245708e-02 -6.702344272499236588e+00 -2.444161263848711879e-02 9.911961776622474352e-01 -1.301258812049399527e-01 -2.831124432473528429e+01 4.292857415912743752e-02 1.310853296766124887e-01 9.904412016188726131e-01 1.269611988865119372e+02
9.987424406164733259e-01 2.190656729217918194e-02 -4.509589361462539719e-02 -6.781388126591306964e+00 -2.764587484351250027e-02 9.910149576246249925e-01 -1.308627501177505592e-01 -2.867518054891046120e+01 4.182395145804839592e-02 1.319448978692132068e-01 9.903743236830786500e-01 1.282134792108118120e+02
9.988191081939173932e-01 2.209609922074188756e-02 -4.326836611095189605e-02 -6.909027753979329667e+00 -2.765375791934614191e-02 9.908127776688846478e-01 -1.323831910817527546e-01 -2.904942700073815587e+01 3.994569788628551249e-02 1.334233937781401369e-01 9.902537751572070279e-01 1.295552809182530609e+02
9.988042350887602616e-01 2.572636423527133176e-02 -4.157227624229159479e-02 -7.027831565266330571e+00 -3.120713420546224887e-02 9.900674253833985361e-01 -1.370861333955762651e-01 -2.938854434513271485e+01 3.763262870719328440e-02 1.382195622113651379e-01 9.896863835976955626e-01 1.309776630582900623e+02
9.986610302737852773e-01 3.356515100470948421e-02 -3.936403498762835323e-02 -7.145818816044483768e+00 -3.881180754039567637e-02 9.892269348685328589e-01 -1.411513900960005286e-01 -2.975953277480897796e+01 3.420219595177211719e-02 1.424901820078033066e-01 9.892051141312701024e-01 1.324226921181380590e+02
9.982379303358472900e-01 2.574251905978666016e-02 -5.346360585701896706e-02 -6.907483407990395285e+00 -3.294844306363450825e-02 9.897991368991065908e-01 -1.386076069104620889e-01 -2.974113398742687409e+01 4.935012197006746065e-02 1.401249132246621398e-01 9.889032177899516052e-01 1.324051332945833792e+02
9.983215546222989900e-01 2.594441202201132682e-02 -5.177799784969885216e-02 -7.017509716640802253e+00 -3.295214055556541788e-02 9.896815407593987368e-01 -1.394439109925120213e-01 -3.015594570282026154e+01 4.762593840857642924e-02 1.409160578674882036e-01 9.888753382635193656e-01 1.337492355743287646e+02
9.984493200880806274e-01 2.700584233028847925e-02 -4.867894509597355673e-02 -7.155624083092827270e+00 -3.364784926697535899e-02 9.894015324814029455e-01 -1.412530699246409005e-01 -3.055212759019397240e+01 4.434836474248021743e-02 1.426719734336774070e-01 9.887759759122435321e-01 1.350726326867356875e+02
9.985321340416108971e-01 2.516651749673095087e-02 -4.796064723675158570e-02 -7.279740450847941524e+00 -3.185386007669528674e-02 9.890337883284084919e-01 -1.442133736619068407e-01 -3.096381527236859910e+01 4.380535223572181586e-02 1.455294195062324103e-01 9.883836700258074037e-01 1.364197419140700163e+02
9.984715082353732285e-01 2.233773531780636201e-02 -5.055366280522263778e-02 -7.355799685508740637e+00 -2.960680100212931959e-02 9.885511747203962196e-01 -1.479527366875051653e-01 -3.133394008378443729e+01 4.666995368085103540e-02 1.492233243825285272e-01 9.877015312753418819e-01 1.377206241602700914e+02
9.986195184110591150e-01 1.256020616689682012e-02 -5.100292804813109926e-02 -7.445807393862817314e+00 -2.007443871257624454e-02 9.885416019717199188e-01 -1.496078810809711446e-01 -3.170391148489688149e+01 4.853941036737831338e-02 1.504252053088438734e-01 9.874290775792358144e-01 1.390086826966984859e+02
9.986586967763505518e-01 8.619192743496706388e-03 -5.105405830476209689e-02 -7.539185698514803136e+00 -1.627556391333309302e-02 9.883217290830452750e-01 -1.515099529456089000e-01 -3.210539341010590420e+01 4.915194169347278375e-02 1.521376657462835125e-01 9.871363721842258965e-01 1.403694255315032535e+02
9.987691664763423960e-01 4.519898074618360594e-03 -4.939354833904871511e-02 -7.654300351520931578e+00 -1.218564048598434757e-02 9.876785547320643399e-01 -1.560210969334103193e-01 -3.251179091792510434e+01 4.807974898097082395e-02 1.564309529592949610e-01 9.865179647092975346e-01 1.416877670216493357e+02
9.988775513380011573e-01 1.045486562614686421e-02 -4.619884433309182775e-02 -7.786690772658320547e+00 -1.790024264137717383e-02 9.863280883582380421e-01 -1.638184465466011597e-01 -3.290473556516077736e+01 4.385451796968936611e-02 1.644615392737793502e-01 9.854081303466833974e-01 1.430322436725454622e+02
9.989099822890695757e-01 1.749376467171911628e-02 -4.327603818321704154e-02 -7.872800721763018927e+00 -2.459345622236386308e-02 9.852399541962020280e-01 -1.694030535925549197e-01 -3.331619202547508962e+01 3.967378472320690075e-02 1.702827086143914592e-01 9.845962573322547540e-01 1.443582500477797339e+02
9.987652559131755536e-01 1.970357800272542342e-02 -4.560408528358542157e-02 -7.866290432565110180e+00 -2.725282113088689159e-02 9.848325021224285658e-01 -1.713540968394473285e-01 -3.373577264646435481e+01 4.153609660367529183e-02 1.723853583606949069e-01 9.841534641008919948e-01 1.456164522264685104e+02
9.989270369030421870e-01 1.520236385157034721e-02 -4.374543493218421147e-02 -7.959245089551426844e+00 -2.247067046901276427e-02 9.850504683814943485e-01 -1.707941559598863124e-01 -3.412780970726002749e+01 4.049498626687603881e-02 1.715938893862521131e-01 9.843351528887627211e-01 1.468407955455396348e+02
9.989314361169469025e-01 8.790272686126650303e-03 -4.537308721487922497e-02 -8.000675229194346372e+00 -1.630918283203330182e-02 9.856329293192983565e-01 -1.681122815168122897e-01 -3.457208581244164236e+01 4.324345606744164211e-02 1.686726407795292038e-01 9.847230797334861618e-01 1.481433922997030947e+02
9.989791041386792969e-01 5.585276396164821563e-03 -4.482805128299732766e-02 -8.078784133373503096e+00 -1.308022512211941268e-02 9.855820585162829994e-01 -1.686917711138821996e-01 -3.499067120691296395e+01 4.323953289534031297e-02 1.691059153854830577e-01 9.846489385444072706e-01 1.494337032650664696e+02
9.990428430079903999e-01 1.592086842697331209e-02 -4.074216222802158616e-02 -8.174409661648937231e+00 -2.288056675065405429e-02 9.840299895628006333e-01 -1.765260867582499060e-01 -3.535897456313155374e+01 3.728106087079926384e-02 1.772893273424640259e-01 9.834523968707382657e-01 1.507345687099238773e+02
9.988056260834929923e-01 1.731062756065966657e-02 -4.569095618817662491e-02 -8.184820167097941024e+00 -2.515568320770326591e-02 9.838614307100791434e-01 -1.771549512812090887e-01 -3.580712757133257185e+01 4.188690614365514486e-02 1.780927492475481988e-01 9.831217929428468505e-01 1.520508597356027565e+02
9.989925490319483403e-01 2.786675831157898672e-02 -3.517571264134038839e-02 -8.235938070203165040e+00 -3.369681536073020067e-02 9.834777829875521737e-01 -1.778650471689458834e-01 -3.577782315903832000e+01 2.963800960197777654e-02 1.788711663490529791e-01 9.834259983525741600e-01 1.519577697462006256e+02
9.990174014385634349e-01 3.000338331089731983e-02 -3.261945144866734009e-02 -8.310681599260192343e+00 -3.546268101355734559e-02 9.826039979069917107e-01 -1.822958626861944376e-01 -3.620923109394212247e+01 2.658251075882863204e-02 1.832735122353271739e-01 9.827024930438906791e-01 1.532416974092725184e+02
9.993201937822665526e-01 3.108965524936865149e-02 -1.981372341131068873e-02 -8.462677791521402426e+00 -3.411125772996166650e-02 9.836113634579946030e-01 -1.770454963345903243e-01 -3.617542050411213239e+01 1.398472005528249990e-02 1.776010107312364361e-01 9.840032055802525601e-01 1.530474153170553961e+02
9.994093239300620990e-01 3.351822670104009222e-02 -7.584966739913182217e-03 -8.580868219415524578e+00 -3.433079707710693512e-02 9.837207360133006784e-01 -1.763941889901039783e-01 -3.619685557236559248e+01 1.549068648706480042e-03 1.765503951177785635e-01 9.842903831543169391e-01 1.531204463732248371e+02
9.991109048274336990e-01 4.188029791946763086e-02 4.841539120510698381e-03 -8.668995250331303026e+00 -4.039579457985236627e-02 9.838529061379369667e-01 -1.743606574436267487e-01 -3.620870083327048405e+01 -1.206563861306951015e-02 1.740100564050481857e-01 9.846699551802948758e-01 1.530566294508328156e+02
9.989671232033828785e-01 4.424166370733147863e-02 1.036156123073315657e-02 -8.705821345281957946e+00 -4.179264261446866829e-02 9.840995592080161725e-01 -1.726309143515787903e-01 -3.628146366332709505e+01 -1.783428669810442277e-02 1.720195708603245166e-01 9.849320816477618035e-01 1.531557111115641590e+02
9.981809739800775461e-01 5.632537210480235285e-02 2.149873580964239972e-02 -8.747710967263364168e+00 -5.181184892961196442e-02 9.837682058556221909e-01 -1.718011916666477568e-01 -3.634503641825548925e+01 -3.082653880428995463e-02 1.703747915768077936e-01 9.848970275620194670e-01 1.531503076242238990e+02
9.970656657598108152e-01 7.008580303177225357e-02 3.079023183266468844e-02 -8.819736178807186633e+00 -6.377165570545251239e-02 9.829653633437892557e-01 -1.723724757464869528e-01 -3.645360906486907027e+01 -4.234659480410383342e-02 1.699031332253164162e-01 9.845505021220148922e-01 1.533774736252570108e+02
9.962803301610358986e-01 7.922305070340283917e-02 3.390002907722250436e-02 -8.886826633033223288e+00 -7.224261151550995241e-02 9.823433291265263323e-01 -1.725763274670300551e-01 -3.694580614301165156e+01 -4.697349056233433851e-02 1.694853738758436701e-01 9.844126163487292303e-01 1.548847487809026404e+02
9.952052191749536370e-01 9.090776098826996998e-02 3.608809663871243717e-02 -8.848239343115231748e+00 -8.337513872058917308e-02 9.813965705242669868e-01 -1.729432207590239357e-01 -3.735300682137326334e+01 -5.113861525528572843e-02 1.691051458568942623e-01 9.842704362493495118e-01 1.561972999509675617e+02
9.946334677931411017e-01 9.627933843667450808e-02 3.787550311163011968e-02 -8.835461713614943591e+00 -8.853350710181660810e-02 9.814685465757574390e-01 -1.699450211177076786e-01 -3.778076393385976672e+01 -5.353580919361881907e-02 1.656797545647679670e-01 9.847254115038046596e-01 1.575549689733421417e+02
9.937990970201969754e-01 1.019192578548475947e-01 4.445019280196965683e-02 -8.861877611897446272e+00 -9.240511339402338042e-02 9.793804606779771271e-01 -1.796530218526988520e-01 -3.814896668340549013e+01 -6.184375296222802132e-02 1.744315857879118192e-01 9.827252780401325438e-01 1.590161936325074237e+02
9.957610749957037655e-01 8.413550111035207613e-02 3.716314002185612531e-02 -8.778693361166279630e+00 -7.597898349731330159e-02 9.801388386116534068e-01 -1.831803786208825724e-01 -3.860954543129746241e+01 -5.183700984903837072e-02 1.795802731312234612e-01 9.823766334314049109e-01 1.604054245850832103e+02
9.958589082251726454e-01 8.653923645864325387e-02 2.785669509646096498e-02 -8.697817028101567871e+00 -7.981384768293608989e-02 9.789437571715424724e-01 -1.878799350992181594e-01 -3.906617651144934200e+01 -4.352912388949925493e-02 1.848785570259472710e-01 9.817968906680296648e-01 1.617199619149517957e+02
9.956534866512817272e-01 8.892181156639841766e-02 2.769559435850031670e-02 -8.688314099580521699e+00 -8.181911788751505821e-02 9.771792862452911566e-01 -1.960262086590179864e-01 -3.951497094547935518e+01 -4.449456671583305184e-02 1.929081490266026100e-01 9.802074676168792688e-01 1.630732385497135795e+02
9.957066119919377734e-01 8.862229678224642360e-02 2.672884862000517864e-02 -8.697750759236523521e+00 -8.168775348374711365e-02 9.770808560813034616e-01 -1.965708818980644035e-01 -3.999819733604184790e+01 -4.353680932602228132e-02 1.935435072340162543e-01 9.801252251836299889e-01 1.644095927624169349e+02
9.955553062993720559e-01 9.014015438092147503e-02 2.728341377691618011e-02 -8.726485824870900743e+00 -8.308668413413887455e-02 9.770378366221069699e-01 -1.961980344661085618e-01 -4.049506492931693913e+01 -4.434224868827423005e-02 1.930591059156603617e-01 9.801846492392691790e-01 1.657935631815156796e+02
9.941595965406776481e-01 1.037946743468822486e-01 2.955270179317365936e-02 -8.784608137616743306e+00 -9.568900312549831477e-02 9.744197343032882097e-01 -2.033464926698643482e-01 -4.080547476063831880e+01 -4.990301881549980001e-02 1.993309985363830306e-01 9.786607388342418723e-01 1.669156524647556239e+02
9.943737487535538877e-01 1.010008586811602521e-01 3.193233996196963298e-02 -8.830458413350795510e+00 -9.268844550985481934e-02 9.755458353418497985e-01 -1.992967014682307247e-01 -4.134884616462942830e+01 -5.128059924323574020e-02 1.952156492006180133e-01 9.794187819561311903e-01 1.683143505273782239e+02
9.937970483324343185e-01 1.061298117363566607e-01 3.322483689231088555e-02 -8.912406330262427900e+00 -9.706675999030868474e-02 9.736027675978250473e-01 -2.065809648317535885e-01 -4.183431375171336697e+01 -5.427219205725111739e-02 2.020745258231229358e-01 9.778652336506586940e-01 1.698693340241297847e+02
9.940569269607190117e-01 1.047185755849824595e-01 2.974635925350191043e-02 -8.855123977279371061e+00 -9.631689136117865813e-02 9.733802642522819681e-01 -2.079757620557136644e-01 -4.234859189141517533e+01 -5.073344458939452184e-02 2.038746700588090766e-01 9.776815619149740177e-01 1.712662796747239327e+02
9.944536104232971629e-01 1.013249471765167026e-01 2.820056374828707260e-02 -8.811209959380780887e+00 -9.330643371808129694e-02 9.736586341160238245e-01 -2.080451240431011317e-01 -4.284975451027120386e+01 -4.853788358446008838e-02 2.042599307034349554e-01 9.777126134842316629e-01 1.725752875320652322e+02
9.944816400220514163e-01 1.016306433087681149e-01 2.602844597114633424e-02 -8.773801120524744590e+00 -9.401403961441971713e-02 9.734278978350625611e-01 -2.088049043288209838e-01 -4.335945500755729398e+01 -4.655779219857218709e-02 2.052056043509427885e-01 9.776108796083219366e-01 1.739257682030162471e+02
9.939775499476477538e-01 1.060048202058352512e-01 2.777783816599156685e-02 -8.781992934339125867e+00 -9.807683956591893570e-02 9.736225583171247422e-01 -2.060098237384718201e-01 -4.394340168845786110e+01 -4.888316418572620503e-02 2.020447772874213177e-01 9.781555828343800885e-01 1.753635674994467593e+02
9.945493676756682611e-01 1.009943466369279813e-01 2.591712181712738094e-02 -8.731661544883134951e+00 -9.351374275528262503e-02 9.739259315976369624e-01 -2.066965400715577161e-01 -4.438298341690330062e+01 -4.611653902671764005e-02 2.031463061663545677e-01 9.780617787845308220e-01 1.765672529862494855e+02
9.948683114038254782e-01 9.784796919238882007e-02 2.574524984151862345e-02 -8.704102688287543188e+00 -9.030979566017355298e-02 9.735019599730651008e-01 -2.100906345756471949e-01 -4.486697437937081645e+01 -4.561999312028382214e-02 2.066874666096272795e-01 9.773428811702660202e-01 1.779169406966877887e+02
9.947720263771953064e-01 9.876537987087669057e-02 2.596180418125885667e-02 -8.715318949949127258e+00 -9.091347265753250972e-02 9.722952889983718094e-01 -2.153522962053104617e-01 -4.538615825686659377e+01 -4.651189124012116566e-02 2.118661623065684063e-01 9.761912585363333728e-01 1.793035493658439918e+02
9.944894236930481579e-01 1.016169744313478590e-01 2.578326337110094582e-02 -8.743098545285340251e+00 -9.349066214682417997e-02 9.709014946029195237e-01 -2.204762659996412910e-01 -4.593186045938738005e+01 -4.743714002754911147e-02 2.168508203471111451e-01 9.750515060553409663e-01 1.807190505381748267e+02
9.931223146916103861e-01 1.127770936200420682e-01 3.145465333095504024e-02 -8.771943870643402974e+00 -1.029938793770775046e-01 9.692742599182229135e-01 -2.233823401050777091e-01 -4.645877506768587040e+01 -5.568059691144219836e-02 2.186063498953700335e-01 9.742232469578033793e-01 1.821284051659000909e+02
9.923754556122736936e-01 1.190362302133946976e-01 3.195826958539795676e-02 -8.776454307348291906e+00 -1.091251947745894568e-01 9.691187635365861031e-01 -2.211346061264623797e-01 -4.699721216953133762e+01 -5.729438858838979687e-02 2.159611031132261105e-01 9.747195263143125787e-01 1.835379893103015263e+02
9.923090212923756370e-01 1.190762048723501554e-01 3.381809715143497402e-02 -8.801677496877344353e+00 -1.087982308296559231e-01 9.692918076673077143e-01 -2.205364744375859498e-01 -4.753170191482470130e+01 -5.904025093174099237e-02 2.151609839683330805e-01 9.747922854371038337e-01 1.849503078499720345e+02
9.928473760302906070e-01 1.161067247993153584e-01 2.780856641614360206e-02 -8.754591265569036551e+00 -1.072265525213434434e-01 9.695959543272923975e-01 -2.199685245359324082e-01 -4.808865230641853117e+01 -5.250289843554164365e-02 2.154133556873939759e-01 9.751105228882311904e-01 1.863696543650437718e+02
9.932701154139295108e-01 1.126001834330423862e-01 2.712335739583369640e-02 -8.748274946820467690e+00 -1.038167873053436746e-01 9.693878228274780406e-01 -2.225069069206178085e-01 -4.858082237946812398e+01 -5.134737090810126414e-02 2.181936012916715351e-01 9.745537439547354852e-01 1.876782914429039693e+02
9.933831268291404282e-01 1.130910201501219015e-01 2.000961000475540499e-02 -8.662132362273672115e+00 -1.057855388186810380e-01 9.688391743408462098e-01 -2.239644481594600667e-01 -4.910748327405729441e+01 -4.471446195560382225e-02 2.203657764353058046e-01 9.743918829034250439e-01 1.890167886194036839e+02
9.932282965718799428e-01 1.132409986492000781e-01 2.596203215910360476e-02 -8.745273352759905805e+00 -1.045456495813630177e-01 9.686394242603644233e-01 -2.254060179368395922e-01 -4.967247294189609619e+01 -5.067305045593232388e-02 2.211654177159352586e-01 9.739189391135296692e-01 1.904600454215747050e+02
9.931153846901217275e-01 1.142382682495862306e-01 2.591236691434098058e-02 -8.710299867558212839e+00 -1.053702986526329904e-01 9.678391378494887176e-01 -2.284392772896035595e-01 -5.016027448992480942e+01 -5.117551029176863053e-02 2.241361669032407300e-01 9.732132581465874344e-01 1.917465493743365244e+02
9.932185398577497715e-01 1.132824450584683507e-01 2.615377074900767165e-02 -8.704779563801395170e+00 -1.043131080474680727e-01 9.676323416737855343e-01 -2.297964900436179070e-01 -5.069579041470355918e+01 -5.133914269145860299e-02 2.255099531915715771e-01 9.728872254476554904e-01 1.931188403689462234e+02
9.932869263032161333e-01 1.138997550938876668e-01 2.019722319132112934e-02 -8.598523143988128226e+00 -1.061020299860263028e-01 9.666312623268962234e-01 -2.331659536148839584e-01 -5.122724237985865869e+01 -4.608081236189472130e-02 2.294577270040095707e-01 9.722271906556706478e-01 1.944751140438293362e+02
9.936035099692762662e-01 1.115429061789622311e-01 1.761377466258167226e-02 -8.573977157493962054e+00 -1.042995418397587859e-01 9.662659693819258822e-01 -2.354818081857000533e-01 -5.177309162041331092e+01 -4.328591628612601244e-02 2.321384425198506907e-01 9.717191327517047394e-01 1.958475533143890743e+02
9.941116046707323406e-01 1.071250735346021554e-01 1.631980634587317305e-02 -8.572863617611769627e+00 -1.002574067040712530e-01 9.664231537659423443e-01 -2.365898143751095362e-01 -5.234598611875270535e+01 -4.111653998010145195e-02 2.335604985550442936e-01 9.714725542467894659e-01 1.972655516176494359e+02
9.942416719792722679e-01 1.058503273292432240e-01 1.670945553067371830e-02 -8.600882969536529643e+00 -9.884533928713361284e-02 9.660959323139155508e-01 -2.385125750724712557e-01 -5.292197976999327125e+01 -4.138957116292767829e-02 2.354874896269060769e-01 9.709956465546920601e-01 1.987058520315221699e+02
9.939635498724409546e-01 1.091635364387208290e-01 1.094458026358719957e-02 -8.533873720409475894e+00 -1.032790479109244458e-01 9.646798459486274346e-01 -2.423349605053472522e-01 -5.347037713559930694e+01 -3.701215729415287953e-02 2.397417717726882391e-01 9.701309102794947181e-01 2.001109160989911970e+02
9.941661299806463514e-01 1.068512132577031370e-01 1.471476213332064721e-02 -8.595029478146479107e+00 -1.000347685941693626e-01 9.644364096181055057e-01 -2.446537489498819828e-01 -5.398644519293849697e+01 -4.033300226358640939e-02 2.417544829538392226e-01 9.694988493547189723e-01 2.013893241248251229e+02
9.949379949291125014e-01 1.003263382887783911e-01 -5.745615022087133261e-03 -8.353362256701419852e+00 -9.878384220379676783e-02 9.659452306535872834e-01 -2.391475776524298047e-01 -5.466757935389115630e+01 -1.844285134874431437e-02 2.385045853293713547e-01 9.709662321682408503e-01 2.028582837540578225e+02
9.948328650337625589e-01 1.010787787911114344e-01 -9.521088529755250551e-03 -8.303870412383519195e+00 -1.004103754001060694e-01 9.656974701715369536e-01 -2.394705673277686409e-01 -5.523688922254122247e+01 -1.501090139544297188e-02 2.391892066594381305e-01 9.708569391300246876e-01 2.042196957826322716e+02
9.945563136994373110e-01 1.026796243271636822e-01 -1.773791500141948252e-02 -8.143372666119196523e+00 -1.038934955053852083e-01 9.640959870767190631e-01 -2.443871299684561571e-01 -5.571992641928270018e+01 -7.992526023579566916e-03 2.448996170894910396e-01 9.695154960479894779e-01 2.054559431067447974e+02
9.943033608181419680e-01 1.043153343152393581e-01 -2.188921406595918662e-02 -8.083500891528517585e+00 -1.064914345064365275e-01 9.635336918180454902e-01 -2.454840098829837725e-01 -5.627099880814947142e+01 -4.516751320020964862e-03 2.464165898598703053e-01 9.691534776284624897e-01 2.067519022758243921e+02
9.943565314097603247e-01 1.032070003143468473e-01 -2.456427342387833279e-02 -8.054266989391397402e+00 -1.060739304177056030e-01 9.631582114140341266e-01 -2.471327195485026884e-01 -5.679825879205892392e+01 -1.846545008500849114e-03 2.483436628380395195e-01 9.686702304704699618e-01 2.080145761623141141e+02
9.949166047809429037e-01 9.735405318784627615e-02 -2.575146324069587517e-02 -8.119842957055231736e+00 -1.007000967626321686e-01 9.635004679462729760e-01 -2.480450337726826104e-01 -5.738146586627498635e+01 6.633574718238157471e-04 2.493772976740127600e-01 9.684061768502238987e-01 2.094169594393515581e+02
9.954854481457985349e-01 9.375568367893652444e-02 -1.478493516497667720e-02 -8.326160927580218640e+00 -9.449356180789206250e-02 9.643242105081164528e-01 -2.472848232397973633e-01 -5.801842666995809594e+01 -8.926886735893566766e-03 2.475655242673651391e-01 9.688300273460896950e-01 2.108936757603853493e+02
9.953587564425212530e-01 9.519594891272953330e-02 -1.409529296543133615e-02 -8.405944154493203868e+00 -9.570508200325589243e-02 9.638817192455564342e-01 -2.485408790983133775e-01 -5.861812908807528544e+01 -1.007388961257940467e-02 2.487363315135482644e-01 9.685188455230242521e-01 2.123544479888859939e+02
9.960534858359458843e-01 8.870277683408478442e-02 -3.044788328351104214e-03 -8.577399453065966739e+00 -8.667294954852175493e-02 9.647279229461944716e-01 -2.485715882888928918e-01 -5.873007059506827687e+01 -1.911159780346410181e-02 2.478544977801016846e-01 9.686087418351994049e-01 2.126107264808604498e+02
9.962669018761644013e-01 8.556320266590143608e-02 -1.145419467288003035e-02 -8.455509894301595608e+00 -8.570691175935257755e-02 9.645031306262179527e-01 -2.497759722008535133e-01 -5.879026606022283374e+01 -1.032402550970051673e-02 2.498252376397573638e-01 9.682359036595938884e-01 2.128113856512835298e+02
9.959459118524519594e-01 8.811537186940390787e-02 -1.809480325084867822e-02 -8.461013545385055679e+00 -8.983330349289148087e-02 9.638565319920502361e-01 -2.508197825527180291e-01 -5.941489913507266607e+01 -4.660284103395457775e-03 2.514284529971808069e-01 9.678646675933146870e-01 2.143118754922629989e+02
9.959615813917395144e-01 8.779205057061531536e-02 -1.879053613533123238e-02 -8.469994683208661002e+00 -8.969851064211274705e-02 9.640753464440121601e-01 -2.500258058029736219e-01 -5.999515323714165760e+01 -3.834785552476473267e-03 2.507015800417826679e-01 9.680568228075853154e-01 2.156646867906298155e+02
9.962286418309735936e-01 8.399448962361855120e-02 -2.175819175535371672e-02 -8.456335134808027121e+00 -8.676668147416917443e-02 9.649442847469891227e-01 -2.476975379773962149e-01 -6.057552453431257078e+01 1.902144973182653368e-04 2.486512679375914581e-01 9.685930573628266371e-01 2.169482341832905661e+02
9.964144708802495920e-01 8.209732887156043213e-02 -2.045069222710391155e-02 -8.545892950990232606e+00 -8.460397977193721830e-02 9.651077703675893238e-01 -2.478087128872445144e-01 -6.123415266047420147e+01 -6.073114213692710995e-04 2.486503974825669261e-01 9.685931091044339691e-01 2.184448915000742204e+02
9.959986930798162552e-01 8.561676430068916599e-02 -2.561977856967465050e-02 -8.462576237142934943e+00 -8.930393325479384081e-02 9.643478480462950309e-01 -2.491145027365653797e-01 -6.185268200393725380e+01 3.378000666407389701e-03 2.504056661482397805e-01 9.681351101330584186e-01 2.198525125323883174e+02
9.957729040656547737e-01 8.717209860715927072e-02 -2.893697898980220756e-02 -8.389382877408879224e+00 -9.163439157639929888e-02 9.643981125480111105e-01 -2.480713985816177525e-01 -6.248922295997370924e+01 6.281863501833010420e-03 2.496743994450392468e-01 9.683094714256896829e-01 2.212979321697869466e+02
9.957487182672756232e-01 8.705401012949089135e-02 -3.010131873242651371e-02 -8.467030356124434221e+00 -9.177805728390230067e-02 9.654458971562155378e-01 -2.439077855776781989e-01 -6.316430639069665176e+01 7.828043832870841545e-03 2.456335054193320433e-01 9.693311625781751983e-01 2.227818981568866832e+02
9.956463449584457281e-01 8.794430793060092899e-02 -3.088939095341334401e-02 -8.583585495197468163e+00 -9.283804736725768947e-02 9.652527177282830273e-01 -2.442709313020746953e-01 -6.381783424100707691e+01 8.333830565828370673e-03 2.460751706709891351e-01 9.692149181927290913e-01 2.243564871500111337e+02
9.958684528385300938e-01 8.679167937804996291e-02 -2.670634815369581083e-02 -8.688167229167696348e+00 -9.067354638870771255e-02 9.663969016469198259e-01 -2.405313627627636841e-01 -6.440145223361260207e+01 4.932811192763323152e-03 2.419591553918878923e-01 9.702738966373238849e-01 2.256630421240613771e+02
9.950090232487925901e-01 9.534459696130566375e-02 -2.943554796069490845e-02 -8.691680281814226916e+00 -9.965744254759081877e-02 9.644264504556425699e-01 -2.448469232120074057e-01 -6.499340152769539714e+01 5.043589826084192602e-03 2.465583693404055921e-01 9.691148191570804205e-01 2.272072320434408823e+02
9.942956814508950858e-01 1.038197282186143211e-01 -2.444507886445540859e-02 -8.842044439501487219e+00 -1.066311830428051666e-01 9.623643915111665947e-01 -2.499691356032155698e-01 -6.557989570226558840e+01 -2.426654274534836148e-03 2.511498397051863951e-01 9.679451789048211241e-01 2.287537417489421614e+02
9.947103568495624382e-01 9.987603227028450659e-02 -2.400175314714685787e-02 -8.913739352462325627e+00 -1.027007879920178862e-01 9.625319829972711627e-01 -2.509675872560919729e-01 -6.620560734758599608e+01 -1.963191791451766519e-03 2.521050572385873934e-01 9.676978795020236834e-01 2.302072489333839087e+02
9.948384383889019578e-01 9.936354180447248829e-02 -2.057590979703032702e-02 -9.010882194296899073e+00 -1.013347372736537327e-01 9.623298487209094310e-01 -2.522945367669635619e-01 -6.676859331725944458e+01 -5.268066588814128599e-03 2.530773573847507896e-01 9.674317023198907295e-01 2.315363733920673326e+02
9.950321412064492277e-01 9.693678647719801422e-02 -2.267812588283605116e-02 -9.045690213834500781e+00 -9.951964951797796777e-02 9.625345940304279591e-01 -2.522359900063486093e-01 -6.740235782032341660e+01 -2.622465615104686409e-03 2.532398363649347450e-01 9.673999730990036072e-01 2.330222053028728624e+02
9.950894248767099270e-01 9.581563290264609456e-02 -2.482742415111387213e-02 -9.092396268785702063e+00 -9.897895189254368731e-02 9.621234168773795670e-01 -2.540112158516517060e-01 -6.799470698128503443e+01 -4.511992546641296290e-04 2.552212671147274792e-01 9.668825684805678611e-01 2.344403868360131469e+02
9.955359080475579825e-01 9.215997351561065754e-02 -2.036651834510373738e-02 -9.221823025471831414e+00 -9.429408846364799313e-02 9.617672920261247649e-01 -2.571231239494584653e-01 -6.860041181279839861e+01 -4.108609096663538331e-03 2.578957449635834731e-01 9.661640150931735116e-01 2.358649351399813554e+02
9.952142362772676831e-01 9.455972907005291694e-02 -2.463902492444268108e-02 -9.204314240954747817e+00 -9.771258692210527119e-02 9.606011160816338990e-01 -2.601879054446871176e-01 -6.922827506930144636e+01 -9.350230045724584015e-04 2.613502504703270057e-01 9.652435818543783075e-01 2.373068555529902710e+02
9.962431441560593015e-01 8.603203995462271880e-02 -9.903828717725993158e-03 -9.293708536131063624e+00 -8.561525934205053978e-02 9.612510315199053190e-01 -2.620429006283042095e-01 -6.930456185717339679e+01 -1.302401972577025939e-02 2.619063620898680056e-01 9.650054053771025542e-01 2.375279962484440830e+02
9.962104502706516929e-01 8.631565847420659410e-02 -1.069326300458106789e-02 -9.345290273311340101e+00 -8.605041167813898273e-02 9.602530074851132191e-01 -2.655362277840830898e-01 -6.989194712007130761e+01 -1.265169638996311262e-02 2.654501247276833120e-01 9.640415789064836760e-01 2.389861910969049745e+02
9.961915815504117644e-01 8.574721198337427464e-02 -1.580343270123341776e-02 -9.307447874666081589e+00 -8.681770110018588449e-02 9.587312326780037530e-01 -2.707343906181438609e-01 -7.051230324118095893e+01 -8.063474669327469480e-03 2.710753384665931520e-01 9.625243587834403369e-01 2.404305786768765643e+02
9.960624042620543905e-01 8.678046415826899673e-02 -1.813388695632862577e-02 -9.287260883581163640e+00 -8.843046384020104844e-02 9.579903584906049874e-01 -2.728269160182541508e-01 -7.116903298255807897e+01 -6.303957540813013086e-03 2.733562219513229752e-01 9.618922164358200133e-01 2.418773653656471083e+02
9.958174179262200276e-01 8.962535699470930428e-02 -1.774726847437553198e-02 -9.294550289950356259e+00 -9.102010040265069712e-02 9.562801535708246314e-01 -2.779273451987664956e-01 -7.172695951542762316e+01 -7.937976909894003258e-03 2.783802494253405091e-01 9.604381423352862379e-01 2.431798535994716985e+02
9.955275505468693664e-01 9.167415280615613671e-02 -2.281985559546128445e-02 -9.301263190328285191e+00 -9.438788497552477730e-02 9.550201587070917819e-01 -2.811181666717957328e-01 -7.238692066647590195e+01 -3.977847655607484600e-03 2.820147977861073851e-01 9.594018087108662218e-01 2.446825841795281633e+02
9.951153032859505476e-01 9.428182599031223465e-02 -2.926551646590736314e-02 -9.224933750179925340e+00 -9.871129035855201461e-02 9.541195760381466773e-01 -2.826869572097743255e-01 -7.304410466341465735e+01 1.270559653605077711e-03 2.841949540521520601e-01 9.587656719811433748e-01 2.460769066729227745e+02
9.954763229751121267e-01 8.974066419450066334e-02 -3.120101898743226146e-02 -8.956567472967636334e+00 -9.487224402727718886e-02 9.565785747638909653e-01 -2.756024085814470226e-01 -7.323406727257065540e+01 5.113483074474849295e-03 2.773157829850242395e-01 9.607652204353783754e-01 2.461991612495936863e+02
9.958498714843633248e-01 8.473691432684749003e-02 -3.320675857284326876e-02 -9.022477166402142146e+00 -9.060720706837196992e-02 9.574201692179973300e-01 -2.741112066330632646e-01 -7.390085178143981182e+01 8.565482579497192550e-03 2.759823815480444420e-01 9.611245276150439665e-01 2.476010114292038224e+02
9.981431540216584297e-01 5.957708641522849874e-02 1.268127966498837009e-02 -1.029811310452101125e+01 -5.372253994101854058e-02 9.591659693964417199e-01 -2.776950339023945835e-01 -7.379340192528057685e+01 -2.870771293494031942e-02 2.764981264421873530e-01 9.605855783281345150e-01 2.478058187280186075e+02
9.999147919748184732e-01 8.267094078462905449e-03 1.010267021267137466e-02 -1.066307313577434890e+01 -5.207732874536914747e-03 9.622815695748008213e-01 -2.720056256310647846e-01 -7.471415216108188417e+01 -1.197030944611041960e-02 2.719298365610848256e-01 9.622426282802155617e-01 2.494423576293086739e+02
9.999633779069199147e-01 -1.459956384678892790e-03 8.432755914358457117e-03 -1.052592538782998055e+01 3.733281300580630884e-03 9.610619514396765428e-01 -2.763077778595320888e-01 -7.521442007051842893e+01 -7.701003550646522838e-03 2.763291407403450917e-01 9.610322057673236218e-01 2.506223092638316814e+02
9.999083819015203156e-01 -1.014461675157885982e-04 1.353578633590446847e-02 -1.062169322887336698e+01 3.895815048556995185e-03 9.598180431920388944e-01 -2.805960559025972301e-01 -7.582185283961182165e+01 -1.296342655950327195e-02 2.806230811456214003e-01 9.597305017035591135e-01 2.520986390164279385e+02
9.998848441658853003e-01 -2.712295370075264687e-03 1.493123776382677612e-02 -1.064884713909737535e+01 6.803055202441069677e-03 9.596080495606502669e-01 -2.812580837208014106e-01 -7.651335790922841795e+01 -1.356528094980124881e-02 2.813272732463227288e-01 9.595159969904268893e-01 2.535838260437055283e+02
9.998383257266808544e-01 -1.700458556193287568e-03 1.790058235748742677e-02 -1.067561363007773068e+01 6.723922310784281355e-03 9.586529586052821017e-01 -2.844983195487769123e-01 -7.726914448152730586e+01 -1.667666863606485222e-02 2.845726856147986483e-01 9.585094028360778839e-01 2.551834510703904471e+02
9.999066128727331915e-01 2.274860304220907223e-03 1.347555356732418191e-02 -1.059231634444099868e+01 1.707011209594811590e-03 9.575361408639792016e-01 -2.883082119052950421e-01 -7.794341250256671572e+01 -1.355919046550698760e-02 2.883042905506186804e-01 9.574428361025081324e-01 2.566259173315960993e+02
9.999199161281870918e-01 3.958362311380498634e-03 1.202051155244147733e-02 -1.060423314281595708e+01 -3.115154477853921550e-04 9.572367833815482729e-01 -2.893054501723974492e-01 -7.863245819600314235e+01 -1.265165160350048557e-02 2.892785368967784043e-01 9.571613572447187357e-01 2.581111707430000024e+02
9.996297395412484521e-01 1.604591201898202674e-02 2.197527092317971831e-02 -1.071602889743831355e+01 -8.540339519897636317e-03 9.518273600566802273e-01 -3.065154796228034551e-01 -7.915158472189834526e+01 -2.583498452782559407e-02 3.062143127859847103e-01 9.516119735582581063e-01 2.596648894411488300e+02
9.992216657601818985e-01 1.611732402428669650e-02 3.600409062476567917e-02 -1.094375135478363426e+01 -3.786448021220410829e-03 9.476956130957548963e-01 -3.191530788358875603e-01 -7.990324284917070941e+01 -3.926481232354089163e-02 3.187683434491908607e-01 9.470190165608319832e-01 2.614471444496593335e+02
9.985557260702231375e-01 2.062304716072828337e-02 4.960999756246901871e-02 -1.110796533728995605e+01 -3.139164709446770705e-03 9.442109626793000476e-01 -3.293262874432258958e-01 -8.066429676104144164e+01 -5.363401511418778439e-02 3.286949161183041479e-01 9.429120025435578922e-01 2.631047196602758049e+02
9.982853110027646304e-01 5.481508007413088759e-03 5.827856300605095685e-02 -1.120958071720803062e+01 1.487579706707958978e-02 9.391626348954461578e-01 -3.431504857607582393e-01 -8.197861114945179395e+01 -5.661403092613041116e-02 3.434290294750743655e-01 9.374707212580529747e-01 2.659288843293235232e+02
9.982702655484413379e-01 2.633377599549331302e-03 5.873280381724579891e-02 -1.117305991072635152e+01 1.779911148260827566e-02 9.385769406370823020e-01 -3.446106761763868542e-01 -8.279377944986057969e+01 -5.603274535703896275e-02 3.450599829402656860e-01 9.369065799859708221e-01 2.674295598652128092e+02
9.985843648980141651e-01 5.245124234278511835e-03 5.293160542592614815e-02 -1.102404963097023405e+01 1.334883525369572055e-02 9.385672168959502404e-01 -3.448382054899699622e-01 -8.355879139189957527e+01 -5.148858881896842959e-02 3.450566157023243763e-01 9.371685318988687285e-01 2.688373430982257446e+02
9.986075078062156551e-01 1.357671656503484439e-02 5.097762372199207692e-02 -1.085119502192482166e+01 4.938768540123497641e-03 9.380131741226334086e-01 -3.465644149904488769e-01 -8.428027494892364757e+01 -5.252288947054930407e-02 3.463335934322273602e-01 9.366399458393689370e-01 2.701990820734653198e+02
9.982113019874649940e-01 9.604009344433124540e-03 5.900813154956932594e-02 -1.107863549127329073e+01 1.141991954865718972e-02 9.382073084594604317e-01 -3.458852870399950485e-01 -8.472891656960463536e+01 -5.868374580717920092e-02 3.459404708295219510e-01 9.364194618974327478e-01 2.710647693617642631e+02
9.982985096050684959e-01 6.845221422145936555e-03 5.790706920532959906e-02 -1.099213148783172755e+01 1.366968625056060732e-02 9.379374931815660510e-01 -3.465348446578989661e-01 -8.551297153106919779e+01 -5.668531907011251092e-02 3.467367904159388003e-01 9.362480295167314726e-01 2.724416930876374181e+02
9.989239989432192601e-01 7.711186309218984701e-03 4.573162954631474625e-02 -1.073932176671062777e+01 8.772019945594356979e-03 9.368649743356328718e-01 -3.495812802899358473e-01 -8.630501181932145016e+01 -4.554004832376757489e-02 3.496062892294459767e-01 9.357892639530950296e-01 2.738925606797487262e+02
9.995738978345538595e-01 1.353616420706166799e-02 2.586107163992247202e-02 -1.035684566022641206e+01 -3.534553491020516521e-03 9.355842970007541837e-01 -3.530857263288985637e-01 -8.704445132870469592e+01 -2.897463890068207801e-02 3.528438683952834776e-01 9.352334868023151060e-01 2.752566884039565025e+02
9.995252646645319539e-01 1.449019792339530793e-02 2.718969402930435444e-02 -1.032851183088761360e+01 -3.800746421637812584e-03 9.337507761333826428e-01 -3.579036775403767745e-01 -8.780595174671135794e+01 -3.057449302776473962e-02 3.576304268856751456e-01 9.333625652133551442e-01 2.766662083307072635e+02
9.994654385625411086e-01 1.549160360772765602e-02 2.878970886650662059e-02 -1.029375970856296973e+01 -4.024728098660226676e-03 9.322101506930442483e-01 -3.618950628408272863e-01 -8.865414461423489456e+01 -3.244439370198032302e-02 3.615857369456066395e-01 9.317741765872260551e-01 2.782197961146803777e+02
9.989163790162455259e-01 1.463871534602875085e-02 4.417890612114143412e-02 -1.064117973298609776e+01 2.449668700591862633e-03 9.313931475214953792e-01 -3.640065986671687237e-01 -8.928716887201909458e+01 -4.647651940819319538e-02 3.637203771621871917e-01 9.303480103599327533e-01 2.793669520776402919e+02
9.989724822963703676e-01 1.657172587604180056e-02 4.218243136764691925e-02 -1.059065853912571775e+01 -5.054727663770758968e-05 9.311578926930539346e-01 -3.646162041385236363e-01 -9.010140907486039907e+01 -4.532082368591576482e-02 3.642394223267216291e-01 9.302019491290670627e-01 2.807984473258039770e+02
9.987572178733920003e-01 1.969614721411084082e-02 4.578298298156625867e-02 -1.062581742735402557e+01 -1.690647771687221702e-03 9.314603315031187991e-01 -3.638389651290723781e-01 -9.092294886397156972e+01 -4.981125832462512948e-02 3.633093896680956170e-01 9.303360284988982931e-01 2.822581958047267108e+02
9.990368210999513998e-01 1.833941920344879170e-02 3.986346434709923947e-02 -1.046836164645156764e+01 -2.679218920480922958e-03 9.322707336727366068e-01 -3.617514352746310502e-01 -9.180168002474385958e+01 -4.379785237255964803e-02 3.612962009772057725e-01 9.314219254918679747e-01 2.837734246406911893e+02
9.992508086493518960e-01 1.855575080159357557e-02 3.396329674478749255e-02 -1.034856232312977831e+01 -5.035763641764162170e-03 9.324443101848259863e-01 -3.612786313753839074e-01 -9.261507980134472007e+01 -3.837267905853997824e-02 3.608369334146898644e-01 9.318391733479234329e-01 2.851811987890324644e+02
9.994572738054229299e-01 1.695288360409774597e-02 2.824460258008668415e-02 -1.024486212831249432e+01 -5.585521670423426385e-03 9.322083333046502496e-01 -3.618790202056737515e-01 -9.346352559142194139e+01 -3.246474680434809079e-02 3.615248581423650132e-01 9.317970901221257485e-01 2.866235785875608713e+02
9.995126196611662239e-01 1.899114633435289648e-02 2.477618814404813560e-02 -1.019276493736259148e+01 -8.633637304000652338e-03 9.308774003901809646e-01 -3.652296890310336441e-01 -9.419819642948563398e+01 -2.999972408114960631e-02 3.648377746392388876e-01 9.305876717168194423e-01 2.879502977482450206e+02
9.996209752941197513e-01 1.845148798543981214e-02 2.043155263618026685e-02 -1.013362964208297434e+01 -9.736171137041019219e-03 9.311331355799236098e-01 -3.645494353262300202e-01 -9.501786629287549601e+01 -2.575097519691502482e-02 3.642123369906742347e-01 9.309598599618496007e-01 2.893461940817876439e+02
9.996893841311892404e-01 1.921759962068856839e-02 1.586880966527419445e-02 -1.008316575679449834e+01 -1.208766280130268468e-02 9.306910328826462075e-01 -3.656064683779793323e-01 -9.585285886062349903e+01 -2.179503758601550323e-02 3.653010883868781922e-01 9.306342413429525839e-01 2.908020438222025064e+02
9.992159590767389910e-01 1.726800739181367367e-02 3.562699884973487274e-02 -1.076254208385189948e+01 -3.035938680005768886e-03 9.306401336788326928e-01 -3.659231130477516025e-01 -9.586997884515284341e+01 -3.947467799303863711e-02 3.655280529685031587e-01 9.299628983407820515e-01 2.909317053453953008e+02
9.983369987200501061e-01 1.872085519102166876e-02 5.452308288725511709e-02 -1.091357717558509677e+01 2.785240453118964683e-03 9.290323423257117463e-01 -3.699880394666840711e-01 -9.663938420051844957e+01 -5.758019991483342287e-02 3.695246087795793777e-01 9.274352182681293577e-01 2.923340975040154603e+02
9.983038953470159127e-01 1.651600686967669498e-02 5.582610547069546264e-02 -1.085699620560054868e+01 5.395629367151929395e-03 9.285401100214136783e-01 -3.711928760969622765e-01 -9.743076189176554180e+01 -5.796740220742108152e-02 3.708645111067994660e-01 9.268760945686455033e-01 2.937090668711285844e+02
9.980760520937254077e-01 1.601691758424135872e-02 5.989701652062755233e-02 -1.083813376266206241e+01 7.384262864507883627e-03 9.284731047033153439e-01 -3.713262265239498650e-01 -9.823552782662166294e+01 -6.156027045847630580e-02 3.710541095226807529e-01 9.265684976877839318e-01 2.950769533921944685e+02
9.980946433742640123e-01 1.678635594833235295e-02 5.937424628191539933e-02 -1.075155707294347174e+01 6.775688639939392473e-03 9.266426207921925062e-01 -3.758823531037505661e-01 -9.901748793727988129e+01 -6.132840215613349216e-02 3.755684645778127884e-01 9.247632970136885344e-01 2.964538073952461446e+02
9.988403859871528567e-01 3.093722580593672930e-02 3.688863484104408508e-02 -1.028448621775115157e+01 -1.464043488407827144e-02 9.251041286018922838e-01 -3.794311649168005118e-01 -9.993247507296865706e+01 -4.586437601677990222e-02 3.784511055647081790e-01 9.244842993309451140e-01 2.979990554762905504e+02
9.988511782295367292e-01 3.509774063345259126e-02 3.262625249491214741e-02 -1.021089645477710661e+01 -1.991338059792466253e-02 9.232910474523006172e-01 -3.835845395314793072e-01 -1.007928546953405089e+02 -4.358647751995062269e-02 3.824941702782462816e-01 9.229292652638905192e-01 2.994468203252001786e+02
9.990213407161692150e-01 4.345982866220426261e-02 8.222170412296935307e-03 -1.040073749037550854e+01 -3.692682364850311677e-02 9.218376451438150543e-01 -3.858131227562372478e-01 -1.006701907514802343e+02 -2.434687842146046263e-02 3.851319245250142131e-01 9.225403136030292384e-01 2.993610225864886729e+02
9.990053669466373298e-01 4.357941648250070188e-02 9.439876632013930596e-03 -1.038065348617324091e+01 -3.660233627226568143e-02 9.223681047611994588e-01 -3.845742428954727621e-01 -1.015206967725754481e+02 -2.546656221783588636e-02 3.838462111031724078e-01 9.230457954134938525e-01 3.007390838082160371e+02
9.990843281525318975e-01 4.211717117936449040e-02 7.526561752929207018e-03 -1.042338117189863489e+01 -3.600234037576689056e-02 9.226470246031477362e-01 -3.839613254982950363e-01 -1.022987372533111312e+02 -2.311572467910080406e-02 3.833387690839409889e-01 9.233184994300470683e-01 3.020554361540453101e+02
9.996766056303261205e-01 2.540861320406122281e-02 -1.042367710826939617e-03 -1.038647126208873672e+01 -2.398401385453391432e-02 9.284168119176795519e-01 -3.707654115853031285e-01 -1.032562261468368945e+02 -8.452883225484797078e-03 3.706705083003538626e-01 9.287259676791203011e-01 3.034345178602255828e+02
9.996256610842561008e-01 2.317516723885263558e-02 -1.454129723524008079e-02 -1.031525162281579000e+01 -2.691729434598453402e-02 9.282261858709613955e-01 -3.710412472064536504e-01 -1.041106915564102167e+02 4.898669913759903273e-03 3.712937644061408693e-01 9.285025274850778887e-01 3.048566468313687210e+02
9.994722999725972334e-01 2.319965082454066019e-02 -2.273538627504011200e-02 -1.033360978518135376e+01 -3.001415380823934526e-02 9.272280781933305294e-01 -3.732924344010473683e-01 -1.049268753459834187e+02 1.242063438924060660e-02 3.737778313537425956e-01 9.274350977992192879e-01 3.062406731481667066e+02
9.996331317769544533e-01 2.672793247805626410e-02 4.384002647718707353e-03 -1.140330688055113129e+01 -2.307438079223093907e-02 9.251410900359769984e-01 -3.789215439613861092e-01 -1.056789924605346727e+02 -1.418361042971311506e-02 3.786813715414006909e-01 9.254184156600124833e-01 3.076721765649843974e+02
9.996230910143910631e-01 2.546505000317832515e-02 1.025705314104124848e-02 -1.156043542346133712e+01 -1.958660244500972508e-02 9.233346500968561132e-01 -3.834964001593211269e-01 -1.063070561219628303e+02 -1.923644757910552769e-02 3.831509560980306262e-01 9.234854107811810708e-01 3.088417493088383026e+02
9.995550774733941157e-01 2.675281846659020510e-02 1.318839646128917853e-02 -1.164559206070454422e+01 -1.966706465197628692e-02 9.235765284473179682e-01 -3.829093922446353271e-01 -1.069826443604450219e+02 -2.242439887937887691e-02 3.824796501845252883e-01 9.236917578551884223e-01 3.099375182356234859e+02
9.995492447659157786e-01 2.889428404401682762e-02 8.150315174296627468e-03 -1.157139868462568266e+01 -2.353170892219707058e-02 9.226295210342336794e-01 -3.849688631452175547e-01 -1.077830801646266536e+02 -1.864312106536086117e-02 3.846035455708980977e-01 9.228935728301628227e-01 3.112635701422087209e+02
9.995254333210090714e-01 3.005126335324463660e-02 6.769764788536311063e-03 -1.156558712026869884e+01 -2.510746167796104253e-02 9.220854637007219745e-01 -3.861709634344541731e-01 -1.086179976398182845e+02 -1.784722702572864861e-02 3.858177279528259285e-01 9.224023836075003757e-01 3.126346075429873395e+02
9.994703355537631895e-01 3.186093642523606800e-02 6.627901487262395641e-03 -1.157341456929906798e+01 -2.682246299769414435e-02 9.218440187649220574e-01 -3.866318152274270670e-01 -1.095213691915256788e+02 -1.842834302793200721e-02 3.862492534587311788e-01 9.222103395515602875e-01 3.141023718713209405e+02
9.994130672655273662e-01 3.396615865088291331e-02 4.452083263336339622e-03 -1.155759796420761454e+01 -2.956387113641714345e-02 9.208438879893486861e-01 -3.888090938700745069e-01 -1.103783133113525849e+02 -1.730602502916127675e-02 3.884492682695440124e-01 9.213075857055188500e-01 3.155034954750106522e+02
9.993662173803025128e-01 3.515007098907811656e-02 5.624594956045019314e-03 -1.158919663170284231e+01 -3.019228140243964895e-02 9.206796470995054493e-01 -3.891496030582901056e-01 -1.112777672705722694e+02 -1.885708627208105073e-02 3.887331474497300321e-01 9.211573971754988266e-01 3.169415651656093473e+02
9.989544917558226267e-01 4.543956360884188889e-02 -5.016917367777257511e-03 -1.146711615076486446e+01 -4.379329805650813284e-02 9.196787391004838108e-01 -3.902219418380485361e-01 -1.122152097622770412e+02 -1.311756250874840553e-02 3.900336689384181210e-01 9.207071557494551639e-01 3.184588364249269716e+02
9.987055058533268470e-01 4.977211491751970529e-02 -1.049043158589656882e-02 -1.143718126573956972e+01 -4.990924958474100837e-02 9.190561552800226019e-01 -3.909537699623464868e-01 -1.131206802859686746e+02 -9.817300245442507622e-03 3.909712521637910831e-01 9.203505313723431280e-01 3.199281592049307505e+02
9.983285517358658767e-01 5.687987042166076784e-02 -1.023636311173308465e-02 -1.145618844078959775e+01 -5.633246239751676238e-02 9.181277499314716151e-01 -3.922602305689244506e-01 -1.139921130505626650e+02 -1.291342205507549704e-02 3.921812274275384702e-01 9.197973300593144108e-01 3.213350636957657116e+02
9.982083918885887863e-01 5.909567971225762606e-02 -9.365201680461779019e-03 -1.152603879090255212e+01 -5.805029463286079383e-02 9.186033931322181711e-01 -3.908938083661518959e-01 -1.149344095992876476e+02 -1.449722925967231527e-02 3.907371325652380101e-01 9.203881374607532084e-01 3.228352589744049510e+02
9.977375672306701970e-01 6.722601049287862951e-02 -6.406635672904368228e-04 -1.170398995707617829e+01 -6.200837426042437456e-02 9.165343152942218019e-01 -3.951199949505364017e-01 -1.158495961603712061e+02 -2.597515078251192919e-02 3.942657890324069436e-01 9.186292936437777668e-01 3.244122007308736215e+02
9.974947608137096910e-01 7.049772924696399989e-02 5.854256587461047212e-03 -1.182934083503684697e+01 -6.247637285609882601e-02 9.167598907429763688e-01 -3.945225032360675232e-01 -1.167240058895606296e+02 -3.317988824447452162e-02 3.931683772837423207e-01 9.188676303582253846e-01 3.257822156518271299e+02
9.969523826360761065e-01 7.664441742628189114e-02 1.454579092404146602e-02 -1.195023703735306242e+01 -6.453665590461901691e-02 9.150301564016556366e-01 -3.981894435067191984e-01 -1.176132874988764740e+02 -4.382883526708113847e-02 3.960371777408401295e-01 9.171878690029585668e-01 3.272722519204110085e+02
9.961851144229908472e-01 8.561277428175055604e-02 1.690179522430422521e-02 -1.200162346187793005e+01 -7.195823098332988776e-02 9.154636670127224152e-01 -3.959144950280912845e-01 -1.185637033125731392e+02 -4.936831773285486197e-02 3.931879032465047108e-01 9.181318216600662385e-01 3.288122252252606472e+02
9.946837739735641115e-01 1.011089453456389398e-01 1.952360020001174187e-02 -1.198981758431921563e+01 -8.474433030692977986e-02 9.114364702556488895e-01 -4.026188758226976194e-01 -1.193954116322624799e+02 -5.850289116366304970e-02 3.988239484521928224e-01 9.151594778324058099e-01 3.303789719662612470e+02
9.943127233565245415e-01 1.043769920140084767e-01 2.115778129689360049e-02 -1.197843502383351044e+01 -8.677641955948962871e-02 9.091942807863223619e-01 -4.072291895159984576e-01 -1.202720938079745139e+02 -6.174189161124810088e-02 4.030771679511641614e-01 9.130809030402078363e-01 3.318182165401873362e+02
9.945021375408011899e-01 1.019727865667390820e-01 2.381279543775392804e-02 -1.197618153391682050e+01 -8.349672601403181071e-02 9.094404407052233408e-01 -4.073651697860365406e-01 -1.211791878836217791e+02 -6.319648069065132712e-02 4.031372416555987215e-01 9.129548560682613223e-01 3.331717303899062586e+02
9.941214743107998908e-01 1.057817709772523873e-01 2.308053818710238680e-02 -1.194429164912363461e+01 -8.739950967096070389e-02 9.098646243067263217e-01 -4.055954772238381523e-01 -1.220630197529741423e+02 -6.390477308750859564e-02 4.011939460710676197e-01 9.137612366546017384e-01 3.344936152912634952e+02
9.938765085334186900e-01 1.098688282315223724e-01 1.176122308356146971e-02 -1.182323058128555182e+01 -9.600692171342216363e-02 9.113342404715516487e-01 -4.003155919112201255e-01 -1.230044112613468172e+02 -5.470061031197002294e-02 3.967351039763826748e-01 9.163018610176093537e-01 3.358475677440119966e+02
9.927704314026831733e-01 1.177995533465506506e-01 2.302467728007084879e-02 -1.190816861192051057e+01 -9.862659982176141815e-02 9.099303565082880185e-01 -4.028641707973977804e-01 -1.238747756416228896e+02 -6.840807218520741917e-02 3.976807910070978558e-01 9.149701219842425459e-01 3.372645662279628027e+02
9.911461879531963115e-01 1.319691548356823618e-01 1.460740489516398899e-02 -1.190886184726448782e+01 -1.151961557233978917e-01 9.094082046626699167e-01 -3.996330354196795387e-01 -1.247487451748577598e+02 -6.602332778924746570e-02 3.944120427473695734e-01 9.165588146559215943e-01 3.386428008920853472e+02
9.908345053632983124e-01 1.305823093640625376e-01 3.457229327925220169e-02 -1.263179305624749382e+01 -1.055221324900807861e-01 9.080194915019633717e-01 -4.054203776418229266e-01 -1.259954470576983283e+02 -8.433304533920561730e-02 3.980563572330449440e-01 9.134763674721763094e-01 3.409298343081222811e+02
9.886447888656685334e-01 1.449002540059087241e-01 3.981705460918049527e-02 -1.274736915158747941e+01 -1.158347567829346308e-01 9.036381866908336224e-01 -4.123352236653032854e-01 -1.270155764607614230e+02 -9.572768967109833438e-02 4.030408713060014136e-01 9.101616699724954795e-01 3.427721459501665322e+02
9.892290773263615611e-01 1.412902409466348652e-01 3.824788079418375841e-02 -1.273945323619740222e+01 -1.130322765776313604e-01 9.033723839203687822e-01 -4.136931718335246644e-01 -1.279110450025406465e+02 -9.300288717928306692e-02 4.049140696286638308e-01 9.096125874200838846e-01 3.441334887038519241e+02
9.886574760014182894e-01 1.450313329457559863e-01 3.901676063504008751e-02 -1.274518644893611885e+01 -1.160648678127909894e-01 9.026742090315342804e-01 -4.143769042898838295e-01 -1.288118072453094953e+02 -9.531705831630825354e-02 4.051483491429349604e-01 9.092686476397769946e-01 3.455273264774447739e+02
9.881525376537546590e-01 1.485347534504581068e-01 3.862627791835548940e-02 -1.271351805363672227e+01 -1.194326408737116652e-01 9.022789895515638259e-01 -4.142806648972569006e-01 -1.297173417524124091e+02 -9.638675543012058256e-02 4.047592519402042344e-01 9.093291710631793423e-01 3.469049428136357278e+02
9.878905722546655888e-01 1.502181571093967050e-01 3.881652386517656095e-02 -1.270166585973119844e+01 -1.209425743834938310e-01 9.022928910134970781e-01 -4.138120739272503901e-01 -1.305998407268375558e+02 -9.718596067237658676e-02 4.041064761930148741e-01 9.095344110846161900e-01 3.482591482719786882e+02
9.870876522829250543e-01 1.550745673067790986e-01 4.012287732912480503e-02 -1.271387602357077640e+01 -1.245886595248816425e-01 9.007130315842385437e-01 -4.161654726813556748e-01 -1.315013673353276431e+02 -1.006758790790840685e-01 4.057929438875423345e-01 9.084032441942969660e-01 3.496958001999024646e+02
