1.000000000000000000e+00 0.000000000000000000e+00 0.000000000000000000e+00 0.000000000000000000e+00 0.000000000000000000e+00 1.000000000000000000e+00 0.000000000000000000e+00 0.000000000000000000e+00 0.000000000000000000e+00 0.000000000000000000e+00 1.000000000000000000e+00 0.000000000000000000e+00
9.999979385616482030e-01 -2.016469567884492369e-03 -2.381657739574033548e-04 -2.264517620874475362e-02 2.016498964108738405e-03 9.999979592683526652e-01 1.232520051854043436e-04 2.092795488630841243e-03 2.379167540073359689e-04 -1.237320121454655013e-04 9.999999640430026204e-01 1.213552815036345711e+00
9.998682766923061571e-01 1.233363211884823049e-02 -1.055039255735901356e-02 2.984570391671651501e-01 -1.235437697673424408e-02 9.999218702561855077e-01 -1.903353064326690665e-03 6.732143440378281218e-02 1.052609300140368125e-02 2.033445875271493782e-03 9.999425315806887982e-01 2.599713263288597531e+00
9.998574938407295276e-01 1.122463632946090958e-02 -1.260950236157150350e-02 3.078544395850945636e-01 -1.129376941351679063e-02 9.999215077897408710e-01 -5.424853170765148863e-03 8.291550140735155783e-02 1.254762060987832210e-02 5.566488907865962607e-03 9.999057812705496318e-01 3.717589915949022661e+00
9.998576839468791277e-01 5.236132571787541039e-03 -1.603729304069384520e-02 3.411418044707051900e-01 -5.339690887094490981e-03 9.999651264055819944e-01 -6.421345178225855259e-03 6.467580407381509633e-02 1.600311074799838987e-02 6.506065505227422510e-03 9.998507746449109002e-01 4.969069947922708508e+00
9.996957578039696868e-01 4.699886142588221086e-03 -2.421369238660452464e-02 5.312156481075163139e-01 -4.875750799587343261e-03 9.999621271543621681e-01 -7.209113056525467099e-03 4.967541213609717038e-02 2.417889333461574822e-02 7.324979670152667426e-03 9.996808119544682292e-01 6.123230415025317619e+00
9.993953829875344974e-01 -1.111485573391339781e-04 -3.476860809979740591e-02 6.760396286166108215e-01 -1.871708982688303157e-04 9.999632013531492003e-01 -8.576765510031147607e-03 4.166250039934211308e-02 3.476828195717955594e-02 8.578087523301450648e-03 9.993585857859972332e-01 7.350009526093312928e+00
9.991397783008248989e-01 9.937473672380395771e-04 -4.145739841268359510e-02 8.045959260363229060e-01 -1.384872962233494806e-03 9.999547966063179194e-01 -9.406746031050929741e-03 1.462320146727306633e-02 4.144617646847954806e-02 9.456067374142656384e-03 9.990959900059446230e-01 8.685449706803108683e+00
9.989432133958426885e-01 2.204714659443751754e-03 -4.590855741207624380e-02 7.822997091220834642e-01 -2.849891030450727673e-03 9.998980345792123359e-01 -1.399280406993756026e-02 2.941811623348736249e-03 4.587302618644231722e-02 1.410885104803146807e-02 9.988476389272802347e-01 1.006387257732824025e+01
9.987634407710214157e-01 8.886998172036541382e-03 -4.891431940362002406e-02 7.884202813090535056e-01 -1.000862278477039451e-02 9.996914616795100628e-01 -2.273343165984825429e-02 2.661763472961112612e-02 4.869719549605822789e-02 2.319488539680755745e-02 9.985442305888342363e-01 1.141399996034196285e+01
9.985593054191226337e-01 1.357999090545362712e-02 -5.191240129185067942e-02 7.511113851806496822e-01 -1.487754851718585056e-02 9.995844211017161918e-01 -2.469096273662815116e-02 -1.638565690200796329e-02 5.155552454390437134e-02 2.542771986928002090e-02 9.983463622166661722e-01 1.276053641513018455e+01
9.986355663657994208e-01 1.413664259747379921e-02 -5.027087551782408181e-02 6.421442573437780021e-01 -1.541111940807949818e-02 9.995672635968858577e-01 -2.505559705972902618e-02 -6.756430176696689993e-02 4.989491945927149175e-02 2.579614082572969161e-02 9.984212818898898778e-01 1.411727929403631343e+01
9.986181509569961312e-01 1.354295613205491050e-02 -5.077772068961564772e-02 5.653041485242839004e-01 -1.486334624922723037e-02 9.995587731941576459e-01 -2.571652909826026290e-02 -1.080696243230491183e-01 5.040703837266145154e-02 2.643571958149281906e-02 9.983788275062250861e-01 1.548751391714600700e+01
9.982775013549590737e-01 1.218991234738397988e-02 -5.738846857565946952e-02 5.944844595405006649e-01 -1.360459430782571567e-02 9.996115254070591094e-01 -2.432515749356356852e-02 -1.477827569330348034e-01 5.706965307600732340e-02 2.506400427565980832e-02 9.980555347211158557e-01 1.681059784100861165e+01
9.977475319743386306e-01 8.660036043330333541e-03 -6.651966787982081797e-02 6.472748549437473686e-01 -1.039264329168379519e-02 9.996145244992776790e-01 -2.574481259378696985e-02 -1.691498478800999850e-01 6.627107517254618441e-02 2.637813840674912633e-02 9.974529254103512432e-01 1.807485475363365879e+01
9.973171582764311927e-01 6.941513701895102653e-03 -7.287181344626104951e-02 6.233511650626251122e-01 -9.076182223007465272e-03 9.995381083958950752e-01 -2.900332361306037429e-02 -2.143715412505620699e-01 7.263682759919402876e-02 2.958691014410842757e-02 9.969195082976596289e-01 1.939042795636217775e+01
9.972529721776612899e-01 8.038032905666686254e-03 -7.363354880640084199e-02 5.401589141876149691e-01 -1.044375565328738500e-02 9.994221972263203080e-01 -3.234500980308888801e-02 -2.584645868834904436e-01 7.333101288453354460e-02 3.302516795286452450e-02 9.967607038958807841e-01 2.066662121929652685e+01
9.969649570133353178e-01 1.308386158277272289e-02 -7.674429655340728185e-02 4.082412957098208728e-01 -1.557852369994206995e-02 9.993665160439071382e-01 -3.199806571630712387e-02 -3.485363227527000785e-01 7.627702201007072191e-02 3.309651305406068056e-02 9.965372229560403028e-01 2.216196174756404957e+01
9.964780104259133298e-01 1.670782897615782567e-02 -8.217312935815757058e-02 3.323107678577159607e-01 -1.939320202277955776e-02 9.993000083904248765e-01 -3.199057589652216232e-02 -3.926099589849482152e-01 8.158111578614679615e-02 3.347150552023234887e-02 9.961045024821920668e-01 2.359663171405141213e+01
9.966503373215757078e-01 1.785595690689417703e-02 -7.980770589187470565e-02 1.630871938176871039e-01 -2.015943714371607257e-02 9.994003818624624946e-01 -2.815091165847872015e-02 -4.548080186966574345e-01 7.925719027844345399e-02 2.966549403084413686e-02 9.964126937434463205e-01 2.501581851572247928e+01
9.970360435821455924e-01 1.803521084562518736e-02 -7.479210498315928823e-02 -2.253589446545362085e-02 -2.027029204085709774e-02 9.993670659808723267e-01 -2.923324637037898535e-02 -4.730521598956859974e-01 7.421753875356175423e-02 3.066265811254386200e-02 9.967705645427313854e-01 2.636515934316616594e+01
9.973605691570148757e-01 1.819472370792475993e-02 -7.029115961473535179e-02 -1.859389388807871080e-01 -2.052037363625888039e-02 9.992608397947819743e-01 -3.250674266127513701e-02 -5.071039920569277992e-01 6.964775198540330836e-02 3.386334422071028694e-02 9.969967224427411789e-01 2.776213905630562451e+01
9.976003973866361951e-01 1.498958285969862435e-02 -6.759259974075693123e-02 -3.597229466488834349e-01 -1.756590231690466353e-02 9.991353205402174753e-01 -3.768355509743663567e-02 -5.471153608543987135e-01 6.696929303654695909e-02 3.878045454453581120e-02 9.970010983622357159e-01 2.913087041030785684e+01
9.975383166207300034e-01 8.056745295940493171e-03 -6.965913959209907302e-02 -3.378429901997057616e-01 -1.090651338314556178e-02 9.991148502690857525e-01 -4.062713302212194594e-02 -6.141279049668819656e-01 6.927015836057005826e-02 4.128686022223372609e-02 9.967432168485980126e-01 3.029925137039614569e+01
9.976572644342940333e-01 1.112735036439677951e-02 -6.749936885145436938e-02 -4.854397235931648957e-01 -1.398903949838570075e-02 9.990166274535530189e-01 -4.207237627271340902e-02 -6.894925088966044058e-01 6.696483775377427838e-02 4.291806315746470035e-02 9.968318566134533043e-01 3.169352962751038305e+01
9.976553040134735761e-01 9.769848232372856447e-03 -6.773805754001957502e-02 -6.154391710932227699e-01 -1.283138337117560417e-02 9.989086309977113221e-01 -4.490993786515665859e-02 -7.572741413493733198e-01 6.722536704667739227e-02 4.567381069920391917e-02 9.966918546078592511e-01 3.305046374905741402e+01
9.976901002377911443e-01 8.963145110980655708e-03 -6.733591847759461124e-02 -7.436735200978242810e-01 -1.226922960057091200e-02 9.987309413737345265e-01 -4.884642000939545120e-02 -8.027967953763187614e-01 6.681264769869713072e-02 4.955974951959803837e-02 9.965339438950614470e-01 3.451724035932514312e+01
9.973414291360928052e-01 7.816389949983704524e-03 -7.244982937812853574e-02 -7.663196066988203770e-01 -1.118423355277415980e-02 9.988697495625145084e-01 -4.619671339768349760e-02 -8.931043865837652307e-01 7.200685140045440247e-02 4.688419197405990085e-02 9.963016038802369190e-01 3.582154523880448949e+01
9.973530084290433972e-01 8.909110343871394500e-03 -7.216373279156040876e-02 -9.163465500898577698e-01 -1.227918669283943956e-02 9.988478263770291798e-01 -4.639225491433832116e-02 -9.711311702982230454e-01 7.166727392397020946e-02 4.715556695402225995e-02 9.963132812291278784e-01 3.730899222125047032e+01
9.969605703243442640e-01 1.024548885841495595e-02 -7.723115418407260069e-02 -9.565475257250010133e-01 -1.401024686703084866e-02 9.987315367047286951e-01 -4.836352524502767619e-02 -1.038441739176962475e+00 7.663768134068726923e-02 4.929855524712333653e-02 9.958395042622427695e-01 3.872561350395493918e+01
9.967748647879264290e-01 1.524280509727852714e-02 -7.878785325017675922e-02 -1.073814321970213426e+00 -1.916926256629459049e-02 9.985989486942450366e-01 -4.932219621430321971e-02 -1.119069500816256779e+00 7.792565880163888903e-02 5.067343050854309500e-02 9.956705253952367052e-01 4.014967363689011393e+01
9.964498767277869540e-01 1.753685443382139650e-02 -8.234137420361245518e-02 -1.148165885841130773e+00 -2.220019970853083155e-02 9.981802950960528831e-01 -5.606469133820853046e-02 -1.126177532864388153e+00 8.120833887030139142e-02 5.769364972433458499e-02 9.950259536712655617e-01 4.159564602050223669e+01
9.963679437857061449e-01 1.982973031568102326e-02 -8.281124556391053493e-02 -1.267807680727826902e+00 -2.456529916677528333e-02 9.980967516603133083e-01 -5.656341929169953625e-02 -1.224848567753487938e+00 8.153199784799672334e-02 5.839226079481035087e-02 9.949587314085870382e-01 4.302590424464804642e+01
9.953521139839285325e-01 2.048302992349090162e-02 -9.409896212431692608e-02 -1.113911981637859316e+00 -2.616759992090129244e-02 9.978805301864106525e-01 -5.957939399874388753e-02 -1.280147243939784296e+00 9.267915570450506457e-02 6.176481976037243027e-02 9.937784869566601564e-01 4.435002653115535765e+01
9.943157861727724978e-01 1.843607638922701783e-02 -1.048629031401859396e-01 -9.869427878056935555e-01 -2.483110478633131918e-02 9.978888906386121915e-01 -6.000981732283834635e-02 -1.384182571153344421e+00 1.035351805074374854e-01 6.227257042551549021e-02 9.926744649530838682e-01 4.563325633595270858e+01
9.937794128107311220e-01 1.511515222270465829e-02 -1.103359000816972052e-01 -1.036398354579021630e+00 -2.220104824387745049e-02 9.977489809375873486e-01 -6.327783573155758290e-02 -1.454686357716794332e+00 1.091310777479395228e-01 6.533378307798681783e-02 9.918779686323774269e-01 4.695994682874850668e+01
9.934544847084681995e-01 1.521759974544902895e-02 -1.132104742089457550e-01 -1.182288257502669193e+00 -2.294244740617248576e-02 9.974725037689567975e-01 -6.724766413708549440e-02 -1.522927131840257742e+00 1.119009871254139504e-01 6.940481887352323298e-02 9.912926612244696845e-01 4.843463064488945236e+01
9.933468573290851200e-01 1.605858023039367574e-02 -1.140357094747470323e-01 -1.360857965685484672e+00 -2.403134000783749974e-02 9.973349291665939420e-01 -6.888783464214792707e-02 -1.637589933022285171e+00 1.126255554119604818e-01 7.116994495740622262e-02 9.910854267937286854e-01 4.986877949104528085e+01
9.932136113064378158e-01 2.112823067613829597e-02 -1.143692274351620908e-01 -1.544596692634973900e+00 -2.983016135319599763e-02 9.967434357301105941e-01 -7.491785369702415320e-02 -1.695561142752022965e+00 1.124138950008504445e-01 7.782108452998029446e-02 9.906094058776723221e-01 5.131746785728839200e+01
9.932914682365914238e-01 2.580066892644553370e-02 -1.127226002687095469e-01 -1.744994632873537288e+00 -3.477932701075781008e-02 9.963130253943868198e-01 -7.842674188154208359e-02 -1.802859318654344012e+00 1.102835325017750695e-01 8.182102976877785039e-02 9.905265577189269477e-01 5.275782356204883428e+01
9.929211006687053143e-01 2.090585250933103476e-02 -1.169214829605716571e-01 -1.856458666083152131e+00 -3.040816551128474807e-02 9.963239395751027905e-01 -8.008714565881834557e-02 -1.906984784116318110e+00 1.148173824692038658e-01 8.307558462265915433e-02 9.899067713287568182e-01 5.414876048330603453e+01
9.925990150928865052e-01 1.976134862383113061e-02 -1.198193821432645412e-01 -1.984660666468963219e+00 -2.968608183045053431e-02 9.962212885225126824e-01 -8.162034574842989831e-02 -2.027799167001233638e+00 1.177536911616023640e-01 8.457324278461179901e-02 9.894349068143456494e-01 5.555071082026246643e+01
9.924340042128769745e-01 1.718247883918310945e-02 -1.215710068352264389e-01 -2.160748153366474966e+00 -2.759371568598011776e-02 9.960429342212425707e-01 -8.448112240359173519e-02 -2.142560059367899505e+00 1.196383472663799657e-01 8.719653438566474235e-02 9.889810060130064251e-01 5.690962584792968926e+01
9.925182934561459502e-01 1.854075252446786559e-02 -1.206800631865917461e-01 -2.364809908017013296e+00 -2.925403674560510259e-02 9.957245486782754229e-01 -8.761748965544868817e-02 -2.259266343669802168e+00 1.185396072584184446e-01 9.049234031266038814e-02 9.888172216622025390e-01 5.830936786914558212e+01
9.924302517493824860e-01 1.997929158148872494e-02 -1.211735256586718157e-01 -2.502258614360869604e+00 -3.148942056204172973e-02 9.950900048797002295e-01 -9.383122391387720140e-02 -2.345802474762860967e+00 1.187038828569553228e-01 9.693662928125358624e-02 9.881865603712038926e-01 5.972722657956197878e+01
9.923555684276135214e-01 1.174370423407172966e-02 -1.228515820881588977e-01 -2.684816930042944083e+00 -2.316514213907723899e-02 9.954933266864762764e-01 -9.195875549592395781e-02 -2.509423636330748941e+00 1.212179937153610165e-01 9.410165744313672698e-02 9.881553906476840954e-01 6.117764568389539903e+01
9.919245628191626363e-01 1.128824459005545351e-02 -1.263259166207950923e-01 -2.768271401985909375e+00 -2.382811781917122326e-02 9.948813699273609812e-01 -9.820020658146857984e-02 -2.608764030828162550e+00 1.245707930343412650e-01 1.004173058069301461e-01 9.871162455441977457e-01 6.253632833949944825e+01
9.929481985964964119e-01 2.076412056149082915e-03 -1.185308542825087436e-01 -3.081676531434785815e+00 -1.436192972187595035e-02 9.945891956963024416e-01 -1.028886134556988990e-01 -2.704683404405331615e+00 1.176758678686166820e-01 1.038653951860071950e-01 9.876053714942130135e-01 6.374826384043711158e+01
9.925159685244145935e-01 1.935162023459998087e-03 -1.220995797371330488e-01 -3.221902007473711027e+00 -1.472126383724305446e-02 9.944783963606975696e-01 -1.039038188079678959e-01 -2.871073980082228250e+00 1.212243235290503263e-01 1.049236594853026200e-01 9.870641767712657888e-01 6.517511288857754437e+01
9.906242817592796346e-01 -3.444118341087475024e-03 -1.365711186077164241e-01 -3.217116375049715593e+00 -1.058795370397948819e-02 9.947397336175730631e-01 -1.018860029581666188e-01 -3.081895533620395256e+00 1.362036255951830643e-01 1.023767571828770456e-01 9.853768679867846991e-01 6.669444900415302868e+01
9.910766324686274276e-01 -8.918917046606574233e-04 -1.332903338724603093e-01 -3.441952093962931336e+00 -1.251675880365023426e-02 9.949362589303406557e-01 -9.972548026827460221e-02 -3.266779392674501459e+00 1.327043304632373188e-01 1.005039561155378763e-01 9.860469134282758841e-01 6.807353455400563291e+01
9.905664422041806638e-01 8.833438781348273289e-03 -1.367482867835954907e-01 -3.592176926233550116e+00 -2.328235681329294746e-02 9.942601682847299616e-01 -1.044253303735624278e-01 -3.391846999279786612e+00 1.350409398670303907e-01 1.066240503906382420e-01 9.850864207967354735e-01 6.948700400384140607e+01
9.912181236655027705e-01 1.331712607869914820e-02 -1.315647577052641015e-01 -3.822186149431072710e+00 -2.713688175051038112e-02 9.942264015059213422e-01 -1.038145086075833168e-01 -3.558656261858126335e+00 1.294226447183789708e-01 1.064730797036474025e-01 9.858566134750631482e-01 7.076946217620522361e+01
9.910987079599500316e-01 1.782312703053658826e-02 -1.319306151845384134e-01 -4.053867061294237573e+00 -3.169454318763485073e-02 9.940929207004738366e-01 -1.038013532923249688e-01 -3.732624621362125694e+00 1.293012258729384634e-01 1.070588677132554567e-01 9.858091051677855265e-01 7.215351577945709494e+01
9.903351576063502693e-01 2.326745961180885433e-02 -1.367292980016345527e-01 -4.176476261173864835e+00 -3.742481759968525890e-02 9.940900905005823907e-01 -1.019032629318760985e-01 -3.922049115358165583e+00 1.335502101699483357e-01 1.060354529944852187e-01 9.853531468827891882e-01 7.353793741638419590e+01
9.891611433230549366e-01 2.884207690829616519e-02 -1.439734945725880122e-01 -4.253508647091427619e+00 -4.414430788949336854e-02 9.935709813185057415e-01 -1.042496290771720430e-01 -4.084348342673173704e+00 1.400411104668369267e-01 1.094752925613187294e-01 9.840750213768399979e-01 7.494404328071560428e+01
9.879465217029237412e-01 2.809898596032281426e-02 -1.522239049659918353e-01 -4.345016013597511773e+00 -4.426261925782576379e-02 9.936066690513832844e-01 -1.038585949887696619e-01 -4.259669281430187304e+00 1.483323659608063172e-01 1.093445664155571345e-01 9.828739873472401856e-01 7.631116978013130847e+01
9.878477056686640889e-01 3.086067549154673101e-02 -1.523303289347241463e-01 -4.568759657998809232e+00 -4.681373983979311704e-02 9.936537185935724326e-01 -1.022778631345351713e-01 -4.475261355256489715e+00 1.482072338564082159e-01 1.081661048266047281e-01 9.830232497755440058e-01 7.775157115700746147e+01
9.869978665780870797e-01 3.638941752834784493e-02 -1.565599618748356181e-01 -4.692087213185069494e+00 -5.352010981716358307e-02 9.928567864622737105e-01 -1.066348883853393409e-01 -4.634912893666079725e+00 1.515612391591637242e-01 1.136275136916348044e-01 9.818950956781462569e-01 7.910712914259009665e+01
9.863442746486472679e-01 3.841451399489090313e-02 -1.601539789776321998e-01 -4.836157270468355307e+00 -5.638017144654008939e-02 9.924209072593436209e-01 -1.091879988926774542e-01 -4.810210650987915670e+00 1.547457532066401353e-01 1.167264663607400915e-01 9.810344968019436562e-01 8.048956759815591511e+01
9.854927831392807924e-01 3.872044705992377933e-02 -1.652413427683049885e-01 -4.999697950776201161e+00 -5.729636384364399787e-02 9.923699149969675837e-01 -1.091745322829264647e-01 -4.981232020396401339e+00 1.597532505794161395e-01 1.170584417646959308e-01 9.801919302569928050e-01 8.179626909686362524e+01
9.856960620945316442e-01 3.744657243366605881e-02 -1.643198934526862998e-01 -5.262475424567610638e+00 -5.627351992364974798e-02 9.921743855572332516e-01 -1.114597667300472883e-01 -5.125194933317358092e+00 1.588602030929543718e-01 1.191123119458447621e-01 9.800896351947506746e-01 8.297752454132690048e+01
9.852917647386330025e-01 3.788684917221041976e-02 -1.666275037262204550e-01 -5.487512907201507417e+00 -5.708031598699235543e-02 9.920728964468876754e-01 -1.119518006210512839e-01 -5.294330747934927750e+00 1.610651292647004851e-01 1.198163377643999133e-01 9.796438482120282121e-01 8.426813791734871018e+01
9.858245826240904508e-01 3.466166056236298643e-02 -1.641598659267760885e-01 -5.852034866644466149e+00 -5.341210375294601354e-02 9.923592455430549908e-01 -1.112217377938810176e-01 -5.452819225146350313e+00 1.590504305769785409e-01 1.184132470303297241e-01 9.801434912608512073e-01 8.553733769416652422e+01
9.856255025399357494e-01 2.509038761930440856e-02 -1.670713655657744268e-01 -6.029356690509604988e+00 -4.411959063517668228e-02 9.928203601654567168e-01 -1.111809073676995469e-01 -5.599646239657428026e+00 1.630822812726269166e-01 1.169538579527570205e-01 9.796560440506050238e-01 8.672872548552092553e+01
9.851912207260032917e-01 2.064266535030543845e-02 -1.702120412063794497e-01 -6.221393378760577519e+00 -4.011812263555385866e-02 9.929220721396716520e-01 -1.117868279094024336e-01 -5.749063754974202745e+00 1.666997145786570933e-01 1.169599889923175207e-01 9.790462533171300219e-01 8.799718029359834759e+01
9.851256907027517995e-01 1.579065776166752033e-02 -1.711082366365750118e-01 -6.500962237349030559e+00 -3.552714162952164134e-02 9.929703884028039385e-01 -1.129054027175258046e-01 -5.921227492745848586e+00 1.681225616181846461e-01 1.173049993931404855e-01 9.787616366574212190e-01 8.933864107925302278e+01
9.849616472888127472e-01 2.013263569179379528e-02 -1.715961256853033023e-01 -6.736297494649168272e+00 -3.907784183281369506e-02 9.934092420492512954e-01 -1.077543506722944550e-01 -6.175722864077616059e+00 1.682957980693355893e-01 1.128395089993737416e-01 9.792567434340108123e-01 9.067319931775821829e+01
9.838954886701617442e-01 1.119601244596869251e-02 -1.783937125568356430e-01 -6.881728989178078848e+00 -3.049668557041307002e-02 9.939175324093961761e-01 -1.058200875940926017e-01 -6.359034225599160983e+00 1.761238755641058862e-01 1.095563237540936458e-01 9.782524175189993842e-01 9.189604215254878739e+01
9.829705282379792575e-01 7.599819882866841979e-03 -1.836060547838595514e-01 -7.033466311260391457e+00 -2.779769990538858565e-02 9.937963550350010777e-01 -1.076851549615841924e-01 -6.494161374177640944e+00 1.816486402247914078e-01 1.109551596676711521e-01 9.770837855821812301e-01 9.317472574993530543e+01
9.818794150238056018e-01 7.547352432601002123e-03 -1.893564147943392617e-01 -7.156581766338806716e+00 -2.882961405334266008e-02 9.935253616185591996e-01 -1.098918066747087557e-01 -6.635003275667234135e+00 1.873010082889124128e-01 1.133595752107177529e-01 9.757396881351096951e-01 9.440690066060754759e+01
9.817856542038803092e-01 1.012198662079754653e-02 -1.897220983077728684e-01 -7.415094229320195574e+00 -3.177152573192697921e-02 9.932652966100495862e-01 -1.114209168100891018e-01 -6.803806690240925548e+00 1.873165752199239809e-01 1.154192182306902348e-01 9.754952099886979866e-01 9.570313568307459207e+01
9.836541864598872253e-01 1.529987206276132300e-02 -1.794167087391753401e-01 -7.813006747627778026e+00 -3.621011573588645005e-02 9.928369845796286564e-01 -1.138575845923722046e-01 -6.946345916717468150e+00 1.763895376101676515e-01 1.184931895328952545e-01 9.771622664921070234e-01 9.694078814006589084e+01
9.831640207456804337e-01 9.726057963368081247e-03 -1.824661944242781109e-01 -8.039892852892263519e+00 -3.156917795800412430e-02 9.926074216998266309e-01 -1.171916950532956997e-01 -7.071615582254947796e+00 1.799774855759498360e-01 1.209789658696999309e-01 9.762029473950876168e-01 9.824499068033931337e+01
9.834804524218664357e-01 1.516736232220162149e-02 -1.803778002534254521e-01 -8.310299628308568387e+00 -3.603368560967722817e-02 9.929442839325859360e-01 -1.129744329792109758e-01 -7.282066537629635405e+00 1.773915815518329053e-01 1.176078234037956777e-01 9.770878295571798766e-01 9.947405254277131803e+01
9.817606583886447913e-01 1.773893078249755631e-02 -1.892916796242909983e-01 -8.382974307745381992e+00 -4.009528411661073682e-02 9.925630622126759839e-01 -1.149388347017293310e-01 -7.448931689099742570e+00 1.858450371462735673e-01 1.204321297066402313e-01 9.751706129198224327e-01 1.007455835679165546e+02
9.799021481749323748e-01 1.629969886791880415e-02 -1.988117195211734078e-01 -8.425259466940334008e+00 -4.100095643814211099e-02 9.918335119055194937e-01 -1.207692271744315454e-01 -7.581697253792293090e+00 1.952196239452075321e-01 1.264934957931320991e-01 9.725680921913508747e-01 1.019587793378925795e+02
9.760564289592789100e-01 1.393166409757035616e-02 -2.170708553047372147e-01 -8.307323684824345023e+00 -4.134611646995823425e-02 9.916354263397775259e-01 -1.222688835344811209e-01 -7.768141821270448055e+00 2.135517411310675351e-01 1.283163667011672227e-01 9.684681532691203909e-01 1.032279558945255786e+02
9.757543073978650616e-01 1.285994659411242129e-02 -2.184906253552011957e-01 -8.534589708980844236e+00 -4.028933621527411302e-02 9.917667955876519059e-01 -1.215540725649310733e-01 -7.955204461150757744e+00 2.151285684929899189e-01 1.274097521518057496e-01 9.682388414408771293e-01 1.045358781839812252e+02
9.747949966091888907e-01 7.206303838640995899e-03 -2.229860618304986553e-01 -8.753405471326143328e+00 -3.579757083171376114e-02 9.915804529016344349e-01 -1.244457285161833376e-01 -8.094949591009246603e+00 2.202118264495311617e-01 1.292914328498234733e-01 9.668456323960923360e-01 1.058578157022309938e+02
9.745587356842170257e-01 7.326395957001334384e-03 -2.240124876516041419e-01 -9.050245559753875568e+00 -3.638083327212172230e-02 9.913819537008775606e-01 -1.258501364585739302e-01 -8.278396263620212636e+00 2.211599097305049499e-01 1.307981108368804213e-01 9.664264837686815657e-01 1.072132320647321819e+02
9.754641727128178230e-01 7.209984223504924648e-03 -2.200401415223877666e-01 -9.380490728483787066e+00 -3.640621058582634018e-02 9.909862621542429029e-01 -1.289217439081822847e-01 -8.447055528865384133e+00 2.171272336315190066e-01 1.337693699956881699e-01 9.669340825860258670e-01 1.084945552276273872e+02
9.763996499408523766e-01 7.478935436094394894e-03 -2.158420466918378466e-01 -9.801856549122700102e+00 -3.685992157134492658e-02 9.905079321304693929e-01 -1.324212315618581715e-01 -8.637899006937679758e+00 2.128028894943233829e-01 1.372519650545948322e-01 9.674072711694482463e-01 1.098063727631292466e+02
9.767503708622182756e-01 1.597223681679737356e-02 -2.137840047140680266e-01 -1.010576780248256235e+01 -4.680942047334254313e-02 9.890483704036839852e-01 -1.399721370728842507e-01 -8.786596028702343020e+00 2.092070533597431281e-01 1.467249421634531370e-01 9.668010137415374849e-01 1.110986568689954765e+02
9.773370804092150754e-01 1.453902984463379885e-02 -2.111891281964248246e-01 -1.037150681163012855e+01 -4.512994193041605651e-02 9.890140232562366629e-01 -1.407641649847470866e-01 -8.983519998460483436e+00 2.068224349497570502e-01 1.471049911242740260e-01 9.672562235456434454e-01 1.123235242335397999e+02
3.618381946646048730e-01 -1.608812483044362585e-01 9.182539653199781604e-01 2.904811265980273674e+03 3.371181021854612880e-01 -8.957557611361672834e-01 -2.897809544642681034e-01 -3.562268542877000073e+02 8.691516013105704541e-01 4.144138515244868426e-01 -2.698826663643122403e-01 9.502706741383963163e+02
3.599610399757584012e-01 -1.612330810790613689e-01 9.189297814660929431e-01 2.906050511323793216e+03 3.379248056557705437e-01 -8.955423862619454889e-01 -2.895007083424053773e-01 -3.566116558869242681e+02 8.696176604819364497e-01 4.147381438618847893e-01 -2.678757111123011847e-01 9.498895879362129335e+02
3.610437155688716038e-01 -1.631423753655608655e-01 9.181677411063318139e-01 2.907243109314980757e+03 3.347947809757286231e-01 -8.962645263173554255e-01 -2.908992153590750918e-01 -3.569391517789032946e+02 8.703791645482056305e-01 4.124251013519890097e-01 -2.689714588858215238e-01 9.495446265100089249e+02
3.597857983158865292e-01 -1.635823692215502001e-01 9.185831414793449445e-01 2.908474035875345635e+03 3.351908475921779873e-01 -8.961262833989953602e-01 -2.908690081323991872e-01 -3.573005119996346934e+02 8.707475380502850415e-01 4.125512000726177519e-01 -2.675821972740497490e-01 9.491511887055085026e+02
3.608016612516256605e-01 -1.589025108610282178e-01 9.190060681410789911e-01 2.909710385591544309e+03 3.397821957804996185e-01 -8.952606232900862659e-01 -2.881952043612346359e-01 -3.576730277157237765e+02 8.685448869624673440e-01 4.162432082668697242e-01 -2.690192760808358119e-01 9.487911176473397745e+02
3.630318950757278618e-01 -1.566214169242398646e-01 9.185192294766433285e-01 2.910928090189846444e+03 3.477806481055919496e-01 -8.917570051968493061e-01 -2.895134962062838047e-01 -3.580096545594121835e+02 8.644399712883342746e-01 4.245458461026079267e-01 -2.692663376585412993e-01 9.484121820947101469e+02
3.742690316813305218e-01 -1.543630314271414172e-01 9.143821665217114480e-01 2.912162335920896112e+03 3.443695375171745288e-01 -8.923984617033323685e-01 -2.916069395259941466e-01 -3.582430314309069104e+02 8.610065699833674424e-01 4.240248106869888289e-01 -2.808391823933030773e-01 9.483405930285202885e+02
3.647453373526073350e-01 -1.591201751243507267e-01 9.174102728593809264e-01 2.913328122160633029e+03 3.415366457928788457e-01 -8.937479189794803602e-01 -2.908047057741336427e-01 -3.586247653701688591e+02 8.662064179282432663e-01 4.193988879196398623e-01 -2.716450153264167722e-01 9.478119343677487905e+02
3.693148761423179494e-01 -1.627816885265988833e-01 9.149364153537707933e-01 2.914515258441253991e+03 3.399743223176177609e-01 -8.926231878647733486e-01 -2.960427412567137040e-01 -3.588634373325190836e+02 8.648837970644718265e-01 4.203878760936695103e-01 -2.743174278254929543e-01 9.476042440910058531e+02
3.675798221396313070e-01 -1.660176481757499878e-01 9.150536677430359811e-01 2.915559921642778136e+03 3.382036033210705228e-01 -8.927045478722441807e-01 -2.978202694727793420e-01 -3.591552930079497514e+02 8.663159914583352661e-01 4.189471693452433421e-01 -2.719924121021921049e-01 9.472841619102719051e+02
3.633606422114656898e-01 -1.766512642338949057e-01 9.147477108668977674e-01 2.916728807497345315e+03 3.318694717389445992e-01 -8.929098292962024397e-01 -3.042608921204333350e-01 -3.594428441041234237e+02 8.705352936092725091e-01 4.141332727405258041e-01 -2.658231272666798928e-01 9.469074260203525455e+02
3.695792108717774749e-01 -1.793142734713786546e-01 9.117332933598607525e-01 2.918023219165716455e+03 3.355877692487603814e-01 -8.892186342870751492e-01 -3.109197156296957809e-01 -3.597428293042743235e+02 8.664825768715906928e-01 4.208760052153671660e-01 -2.684610441235759648e-01 9.465778905969958714e+02
3.692726362794442885e-01 -1.739858683928824090e-01 9.128891705430596248e-01 2.919060133977792702e+03 3.378866246465104806e-01 -8.899534780290182523e-01 -3.062930554697971264e-01 -3.601152342798714585e+02 8.657195556184559271e-01 4.215586845785705972e-01 -2.698479691903736821e-01 9.462966848652596354e+02
3.728363453888122181e-01 -1.777717797314344317e-01 9.107086547783677100e-01 2.920309251885725189e+03 3.363315521497433624e-01 -8.888414117306713269e-01 -3.111945240860673478e-01 -3.604525115845915479e+02 8.647971707780146566e-01 4.223246844830787494e-01 -2.716021249744009491e-01 9.459614075938633277e+02
3.744519240117767933e-01 -1.758428112162334078e-01 9.104202668808738519e-01 2.921428668598216518e+03 3.381337273468810745e-01 -8.883471393640243186e-01 -3.106524463355191390e-01 -3.608203826167147099e+02 8.633952391775061574e-01 4.241682045218783115e-01 -2.731849103415184277e-01 9.456401636900493486e+02
3.773419258309669844e-01 -1.754349569428587385e-01 9.093050351189225777e-01 2.922557923303585540e+03 3.406124433462621170e-01 -8.867737613003709995e-01 -3.124347287144395580e-01 -3.611677370139423715e+02 8.611598193412561830e-01 4.276153319885035997e-01 -2.748615895327992109e-01 9.453031845262579509e+02
3.800245081423105908e-01 -1.735624398992442474e-01 9.085468907367449942e-01 2.923812249414234884e+03 3.438914982993530045e-01 -8.853192507857294835e-01 -3.129671893116010573e-01 -3.616012721971977726e+02 8.586734015961015043e-01 4.313767537135065333e-01 -2.767563653233237608e-01 9.449292806652587160e+02
3.828735202275442284e-01 -1.668087806370170123e-01 9.086158144182561180e-01 2.925135650836401055e+03 3.481685284133020364e-01 -8.849779025272027644e-01 -3.091808335926594653e-01 -3.620922890910796355e+02 8.556789954948545995e-01 4.347285851435723769e-01 -2.807570371833715273e-01 9.445420267998899817e+02
3.843400062684649288e-01 -1.629185764290595750e-01 9.087025349562289911e-01 2.926299389569605410e+03 3.499890892685545984e-01 -8.851162906970386768e-01 -3.067193983687135361e-01 -3.624787441355040301e+02 8.542777048328743517e-01 4.359205081170543505e-01 -2.831658765254850274e-01 9.441914811583316123e+02
3.851774218970865915e-01 -1.650133540889378025e-01 9.079696837631882067e-01 2.927584985080325623e+03 3.484197596096398897e-01 -8.850621468188345498e-01 -3.086562284840190795e-01 -3.628625628756415153e+02 8.545419970804677412e-01 4.352419892895690312e-01 -2.834120427663320840e-01 9.437588895852105679e+02
3.845632849225171235e-01 -1.663587805402931552e-01 9.079844910717040918e-01 2.928879892012918845e+03 3.474044632790135867e-01 -8.852269949837830998e-01 -3.093271831666007388e-01 -3.632595302351380155e+02 8.552316755028561701e-01 4.343937424608162456e-01 -2.826320182277013981e-01 9.432878606347338746e+02
3.848846772903278257e-01 -1.648663107933031335e-01 9.081205232525679794e-01 2.930137836139334468e+03 3.454281878995222876e-01 -8.866791857316763670e-01 -3.073749966972684211e-01 -3.636710452287589987e+02 8.558873478394053436e-01 4.319943531524499392e-01 -2.843197612773776806e-01 9.428503634048781805e+02
3.871291003446543644e-01 -1.641636586134431197e-01 9.072934215880651410e-01 2.931369447381835471e+03 3.429418722017202326e-01 -8.877865134249816048e-01 -3.069625040155171680e-01 -3.640761265276742051e+02 8.558749511214329697e-01 4.299830226547913803e-01 -2.873894018079532486e-01 9.424612058012355646e+02
3.870935298353508358e-01 -1.701487847793570762e-01 9.062052693500006750e-01 2.932551287736782342e+03 3.301287131544586306e-01 -8.920944288433138025e-01 -3.085167139357059551e-01 -3.644664776194912861e+02 8.609144161358821545e-01 4.185892032348872971e-01 -2.891529820434063369e-01 9.420839188341427644e+02
3.851505375592364500e-01 -1.729013398764385201e-01 9.065121014563207735e-01 2.933798524080624247e+03 3.244823112343943050e-01 -8.941984823413197114e-01 -3.084157970572349305e-01 -3.648841873587224995e+02 8.639272498965493430e-01 4.129336518708551784e-01 -2.882975997797832535e-01 9.416529275907885221e+02
3.806665708605393439e-01 -1.688360204647794960e-01 9.091684992469140081e-01 2.934962738668208658e+03 3.255734335012646086e-01 -8.957658805857005024e-01 -3.026638838327182501e-01 -3.653024736319752037e+02 8.655026870134329142e-01 4.112151327129492939e-01 -2.860196031750230627e-01 9.411926375116809140e+02
3.810546304500384007e-01 -1.608879895477086652e-01 9.104462770706855945e-01 2.936292474492469864e+03 3.306258914402387949e-01 -8.959110681721254021e-01 -2.966982942923864774e-01 -3.657529464537905142e+02 8.634140886746801691e-01 4.140753708516905496e-01 -2.881973260321905039e-01 9.407343530371756515e+02
3.807964135422344798e-01 -1.549955160686683209e-01 9.115758231940827017e-01 2.937532771886575119e+03 3.394260547873927392e-01 -8.935959154111325908e-01 -2.937282643737051391e-01 -3.661130447688148024e+02 8.601069961143406051e-01 4.212632549358359957e-01 -2.876686032156261508e-01 9.403128346567530116e+02
3.805037050782765773e-01 -1.564449671819454490e-01 9.114504389516382421e-01 2.938768745171079900e+03 3.381642872936855837e-01 -8.937914197084020351e-01 -2.945875300395043861e-01 -3.664487509610193570e+02 8.607333182936823812e-01 4.203116347414938558e-01 -2.871868459384543937e-01 9.399308301996557020e+02
3.799376029700012869e-01 -1.597002549987719955e-01 9.111219711996448867e-01 2.939938053786076125e+03 3.366359720372784081e-01 -8.935696609008400015e-01 -2.970008138845035561e-01 -3.668005276450826386e+02 8.615820565563809819e-01 4.195582077267380749e-01 -2.857398644732700443e-01 9.395775488722548516e+02
3.801611447716417014e-01 -1.670226007989180916e-01 9.097147656426541884e-01 2.941173007041861183e+03 3.288866513609045028e-01 -8.948683206660231759e-01 -3.017354126133791059e-01 -3.671361683209043463e+02 8.644715579835595687e-01 4.139011228430352629e-01 -2.852626613259271471e-01 9.392063572905386764e+02
3.810745391339402932e-01 -1.666996279806142456e-01 9.093917910642083102e-01 2.942345787808512796e+03 3.262701828349869881e-01 -8.960794553423268027e-01 -3.009806929126963015e-01 -3.675201149531623628e+02 8.650606703675047804e-01 4.114035047790820521e-01 -2.870839473722105462e-01 9.388645859157156792e+02
3.739876825012785622e-01 -1.559949688494588205e-01 9.142203142738452026e-01 2.943491443771206832e+03 3.401583267001661581e-01 -8.939839373500967357e-01 -2.916933878862276175e-01 -3.679872924825605764e+02 8.628009771168921871e-01 4.200693864752148010e-01 -2.812759933454546668e-01 9.384024978190983575e+02
3.665696258638460603e-01 -1.902478545340054450e-01 9.107318283881575827e-01 2.944711787951095630e+03 3.079967366218719915e-01 -8.988646726852165258e-01 -3.117375665985091526e-01 -3.681818204730886350e+02 8.779320700511604736e-01 3.947759542369511099e-01 -2.709007684226618640e-01 9.379159304410617324e+02
3.480944731178199913e-01 -1.957073711509720593e-01 9.168036118286139180e-01 2.944448868197991942e+03 3.122581294110523542e-01 -8.979140673893643010e-01 -3.102340861365542879e-01 -3.681540651829595276e+02 8.839259575335118857e-01 3.942701516237983039e-01 -2.514477065654220356e-01 9.377988340607588498e+02
3.323146652398203393e-01 -1.947261411006356580e-01 9.228481420247808265e-01 2.945696579866323191e+03 3.274072971981863978e-01 -8.937930881257215576e-01 -3.064936824145798600e-01 -3.686016279259237649e+02 8.845176227797402202e-01 4.039995613744292724e-01 -2.332657913225717750e-01 9.372318825070267394e+02
3.220444687789180138e-01 -1.985470807354534628e-01 9.256707929173969562e-01 2.945631895683508446e+03 3.334542248526182195e-01 -8.913156808498766681e-01 -3.071882761419205687e-01 -3.685866924769683806e+02 8.860562284961616131e-01 4.075971219262222722e-01 -2.208369220502262864e-01 9.371523120522749650e+02
3.090488081312083857e-01 -1.974361183773266359e-01 9.303267239807536670e-01 2.946858987905274716e+03 3.336376620757884326e-01 -8.935374134343071484e-01 -3.004609812233773325e-01 -3.690661778042319270e+02 8.906035844511747124e-01 4.032491412925909846e-01 -2.102745476977840866e-01 9.367489309010167062e+02
2.984655386189840609e-01 -1.951179464399492303e-01 9.342629764867727005e-01 2.946729737718428169e+03 3.465668023351091698e-01 -8.899084560186082404e-01 -2.965710562846250453e-01 -3.690700168774691861e+02 8.892748583964893427e-01 4.123007723539007241e-01 -1.979856038712943800e-01 9.366277606673453420e+02
3.081706541710305669e-01 -1.919701202304472387e-01 9.317608710642955039e-01 2.948024072106684343e+03 3.503399202392629141e-01 -8.876951966527539817e-01 -2.987627455462947279e-01 -3.694052940595206564e+02 8.844731698556749233e-01 4.185029399876730727e-01 -2.063068128471025886e-01 9.364198056521084936e+02
3.050553935847000186e-01 -1.902958629782179889e-01 9.331284431300153059e-01 2.949253953868693770e+03 3.526441175867527367e-01 -8.876088657148142325e-01 -2.962982076150755817e-01 -3.697767698498300888e+02 8.846374020898867263e-01 4.194496227651498543e-01 -2.036631551995367051e-01 9.361384884369105066e+02
3.121466356452539670e-01 -1.791309677048963378e-01 9.329933409539656886e-01 2.950503353437175065e+03 3.632071211368785857e-01 -8.849588475967119505e-01 -2.914248191485159789e-01 -3.701994873346251325e+02 8.778639216933394884e-01 4.298371022485114046e-01 -2.111752838752543326e-01 9.359106986714482446e+02
3.162433866537519012e-01 -1.756250334976769412e-01 9.322799836994739575e-01 2.951853657185141856e+03 3.665532244046622035e-01 -8.837747895262320075e-01 -2.908278787812380584e-01 -3.706393928793633563e+02 8.750022023265490168e-01 4.337026273920812636e-01 -2.151120101642303162e-01 9.356214132262955445e+02
3.201014431139396765e-01 -1.778695681135030737e-01 9.305361265719211961e-01 2.953144432840537320e+03 3.726648753697070493e-01 -8.793938247078006976e-01 -2.962893716140565514e-01 -3.709802098119688480e+02 8.710085859404911313e-01 4.416207850689249370e-01 -2.152094919213696500e-01 9.353756641441666488e+02
3.274059847515493615e-01 -1.707008603567620186e-01 9.293366114720302829e-01 2.954418761312290371e+03 3.857729266911135158e-01 -8.736896372765127206e-01 -2.963876966876219377e-01 -3.713829274715440647e+02 8.625454018085314534e-01 4.555520101910297548e-01 -2.201994455712196208e-01 9.352025349887196626e+02
3.311221672332980148e-01 -1.547074827317254375e-01 9.308188358394573481e-01 2.955674270593125584e+03 3.955838588239204423e-01 -8.728324663450325316e-01 -2.857917009502026207e-01 -3.718736579933694202e+02 8.566630148458034277e-01 4.628488743432916386e-01 -2.278143948797989593e-01 9.350274271734459717e+02
3.344225555328973476e-01 -1.539462281684229050e-01 9.297645471750084489e-01 2.957015873193369771e+03 3.835364867297457181e-01 -8.789407784169285254e-01 -2.834834587464192257e-01 -3.722635524354575978e+02 8.608491840606287138e-01 4.514018906346656812e-01 -2.348936257832489605e-01 9.347657435229144767e+02
3.461906335538796897e-01 -1.441929349725881715e-01 9.270169592534647229e-01 2.958306977546975759e+03 3.840210403930328087e-01 -8.797644453407102993e-01 -2.802541012185008618e-01 -3.726431990080577634e+02 8.559672223718708395e-01 4.530153620114153457e-01 -2.491930898051785415e-01 9.345531803821639869e+02
3.503250553468912898e-01 -1.353309352427251866e-01 9.267998131001710105e-01 2.959592373875402700e+03 3.846425841574094839e-01 -8.814306004383453130e-01 -2.740988490738205385e-01 -3.730353226719561803e+02 8.540037693411591802e-01 4.525103695797675907e-01 -2.567331832348048182e-01 9.342369084431428519e+02
3.516884047704729177e-01 -1.347590681422427827e-01 9.263666981835103620e-01 2.960876695543876849e+03 3.830550732803215674e-01 -8.822262571313909119e-01 -2.737620172013078834e-01 -3.734065444592019958e+02 8.541569392004059180e-01 4.511283905734175259e-01 -2.586486002947482321e-01 9.338758075693888259e+02
3.529456812545594957e-01 -1.355266128170350137e-01 9.257763678675757779e-01 2.962176851284867098e+03 3.830229204459493220e-01 -8.818188265705872997e-01 -2.751163381529934115e-01 -3.737817714683081363e+02 8.536526158202816239e-01 4.516946914941588065e-01 -2.593243474477232580e-01 9.334897390493582634e+02
3.585602269524807428e-01 -1.331375275825709970e-01 9.239637235286722872e-01 2.963537484814398795e+03 3.845071004820694860e-01 -8.808523820716215313e-01 -2.761401286984649928e-01 -3.741879565343405147e+02 8.506402608192565884e-01 4.542834795014443205e-01 -2.646463053311075564e-01 9.331592474038819773e+02
3.599981520499908050e-01 -1.511464666503418430e-01 9.206280878507310250e-01 2.965027729059322155e+03 3.836560669192234929e-01 -8.755067746342852786e-01 -2.937616548930909732e-01 -3.744527281452223519e+02 8.504171640063845627e-01 4.589582041848452310e-01 -2.571925620517818700e-01 9.326337650290163310e+02
3.601984254039099498e-01 -1.467614079336998778e-01 9.212590208393323099e-01 2.966469021433125363e+03 3.843586426388012622e-01 -8.764830164853956163e-01 -2.899068050969206833e-01 -3.749819386767987339e+02 8.500150164352389126e-01 4.585178414783549483e-01 -2.592987868861515999e-01 9.321456498413385816e+02
3.707643995785765978e-01 -1.470328794757941870e-01 9.170142269115441058e-01 2.967929005757117466e+03 3.768051025126163411e-01 -8.786543661437038466e-01 -2.932310003683886168e-01 -3.753817163066036642e+02 8.488531526274687433e-01 4.542552555663516567e-01 -2.703710192767626586e-01 9.318577407538111856e+02
3.725849859546023768e-01 -1.520304881430039612e-01 9.154600804601970010e-01 2.969292402661251344e+03 3.702588054513852311e-01 -8.802141035641288802e-01 -2.968695822621335023e-01 -3.757411515539287166e+02 8.509341015771555439e-01 4.495663049671160816e-01 -2.716639324814633660e-01 9.314777174074695267e+02
3.758119998865996902e-01 -1.528010400213014042e-01 9.140115879515013919e-01 2.970579441226787367e+03 3.669352354606395528e-01 -8.811619967052749525e-01 -2.981812679223843077e-01 -3.761246055379958193e+02 8.509546837045310896e-01 4.474431558653788610e-01 -2.750831666070312487e-01 9.311351494944389060e+02
3.816569098250692238e-01 -1.581821159486056227e-01 9.106681181290928739e-01 2.971900164112927087e+03 3.653690313998335659e-01 -8.791862310452521756e-01 -3.058382612335726058e-01 -3.764440459360459954e+02 8.490250138109750599e-01 4.494552139362216758e-01 -2.777526536125613510e-01 9.307956080319841021e+02
3.864095454966732790e-01 -1.586192863136463294e-01 9.085854858836271974e-01 2.973089882908012896e+03 3.590318921309446076e-01 -8.815326874696287618e-01 -3.065880319833608203e-01 -3.767940226800837991e+02 8.495785799924151505e-01 4.446797082529301282e-01 -2.836832626119512035e-01 9.305455480410649898e+02
3.901809609840568571e-01 -1.526497540632849037e-01 9.079960739287149529e-01 2.974371573261417780e+03 3.591300376045274412e-01 -8.828211445935293389e-01 -3.027415444710623849e-01 -3.772250327430803623e+02 8.478115555804418557e-01 4.442126509263070733e-01 -2.896388906574787203e-01 9.302213956134414730e+02
3.919768710979219528e-01 -1.477381944075965015e-01 9.080349984650649686e-01 2.975675023921567117e+03 3.582914148826193412e-01 -8.845750669646239572e-01 -2.985870273905477656e-01 -3.776451001224016863e+02 8.473378278736843905e-01 4.423803531099690378e-01 -2.937996402935270090e-01 9.298123654624606615e+02
3.965278053766544408e-01 -1.394542037248774069e-01 9.073688470664060812e-01 2.977029274807662205e+03 3.631338557085432850e-01 -8.839542927751024015e-01 -2.945481473761088487e-01 -3.780720283463949727e+02 8.431485648457345272e-01 4.462928784418547790e-01 -2.998719130740046257e-01 9.293809761451350369e+02
3.938480361652649808e-01 -1.345875688178155560e-01 9.092688880240310523e-01 2.978338509893821993e+03 3.727705165962622025e-01 -8.808345195061284549e-01 -2.918436074388918722e-01 -3.785156616999423704e+02 8.401939456847566934e-01 4.538906647708288444e-01 -2.967446681384114382e-01 9.288944642312083033e+02
3.962997590676211046e-01 -1.354909714460354742e-01 9.080686634938678337e-01 2.979676975313494040e+03 3.779670630199277181e-01 -8.772765808475381233e-01 -2.958491168966461693e-01 -3.789384706063552812e+02 8.367122565344879970e-01 4.604649795077255248e-01 -2.964533730823710189e-01 9.284307027975501114e+02
3.936053424352892738e-01 -1.374791703013111821e-01 9.089413139139653763e-01 2.980994298418021572e+03 3.776213348315583529e-01 -8.773011265462871133e-01 -2.962175903632828233e-01 -3.793918300844267151e+02 8.381389872129983987e-01 4.598284583340459530e-01 -2.933953425324002384e-01 9.279305830080636497e+02
3.963022172374108254e-01 -1.319103642214954630e-01 9.085946337193764322e-01 2.982345269942843970e+03 3.813905218364873062e-01 -8.765472141168313414e-01 -2.936090108925408781e-01 -3.798595758124790791e+02 8.351561665137863244e-01 4.628872835096703442e-01 -2.970682418216985532e-01 9.274821211969765500e+02
3.952718022095489392e-01 -1.305407137956187125e-01 9.092410705746460930e-01 2.983611778106001566e+03 3.788516759279768054e-01 -8.785708372712276448e-01 -2.908344744748803667e-01 -3.802825116996758084e+02 8.367984285504947994e-01 4.594261702801140101e-01 -2.978187100186460157e-01 9.270465072252371783e+02
4.002539304651039909e-01 -1.314779916943997762e-01 9.069235518207837687e-01 2.984942007178855874e+03 3.741827560759088955e-01 -8.799490909289583440e-01 -2.927061024794654909e-01 -3.806539035990927573e+02 8.365309654774713000e-01 4.565119221589896692e-01 -3.030062849579750472e-01 9.266588501055888401e+02
3.947446303424407277e-01 -1.310300580188274722e-01 9.093996924957561401e-01 2.986291386970874100e+03 3.759181950919514015e-01 -8.801102264226108307e-01 -2.899853443626645988e-01 -3.811195309410005052e+02 8.383687657675574778e-01 4.563300485853543087e-01 -2.981622030765641584e-01 9.260977596906226381e+02
3.922887927114347972e-01 -1.279846267341689658e-01 9.108948558602704137e-01 2.987589203565392836e+03 3.775925867790567159e-01 -8.805864339185713874e-01 -2.863413536464082809e-01 -3.815630426632412764e+02 8.387689440617748238e-01 4.562756488333318816e-01 -2.971181427634768668e-01 9.256268974836890493e+02
3.928854483436615141e-01 -1.270098823473677918e-01 9.107741291153865770e-01 2.988924971678331985e+03 3.764539380827294224e-01 -8.814090481353930029e-01 -2.853077678000512374e-01 -3.819851536085795374e+02 8.390014642310253956e-01 4.549577778774163139e-01 -2.984794186657429016e-01 9.251851346566357961e+02
3.969742596932345768e-01 -1.220107081060978482e-01 9.096839144716365455e-01 2.990232485040611209e+03 3.770598955297677080e-01 -8.819469648373859938e-01 -2.828345565824422203e-01 -3.823847874430502998e+02 8.368018118551667772e-01 4.552833604707730575e-01 -3.041048986030178702e-01 9.248086759757693471e+02
4.031014337669810987e-01 -1.265268766200416395e-01 9.063664731154632559e-01 2.991597871420687170e+03 3.674793661593321881e-01 -8.846633229924421027e-01 -2.869315604793045704e-01 -3.827235187722340584e+02 8.381337301064434309e-01 4.487335004707529440e-01 -3.101130374768621412e-01 9.244256666465465742e+02
4.054309235302867576e-01 -1.264759787252409950e-01 9.053339676886392740e-01 2.992939828043379293e+03 3.653112281217936741e-01 -8.854437396523989756e-01 -2.872926913767619994e-01 -3.831259420033725860e+02 8.379579183070744453e-01 4.472060047851032505e-01 -3.127831779853594840e-01 9.239721214644490601e+02
4.045982481523576757e-01 -1.241488672393480514e-01 9.060283198417219408e-01 2.994339522759044939e+03 3.659972169770290829e-01 -8.859531382125536147e-01 -2.848386807587398040e-01 -3.835929920694802604e+02 8.380610328353850225e-01 4.468490748054663730e-01 -3.130169477654310972e-01 9.234336136360809633e+02
4.291819710583283931e-01 -1.295634249291835738e-01 8.938770355250720279e-01 2.995748196765966895e+03 3.706929995318741788e-01 -8.772017176359249158e-01 -3.051292294661833160e-01 -3.836557016275687602e+02 8.236440589335614071e-01 4.623099236412618884e-01 -3.284509075741157691e-01 9.233585320091603990e+02
4.321394075582435379e-01 -1.253828816501545984e-01 8.930479636751305073e-01 2.996996773638381910e+03 3.680662181100456398e-01 -8.795289089478685041e-01 -3.015893854417324160e-01 -3.840921051648556954e+02 8.232756473511054773e-01 4.590294449314348824e-01 -3.339298985783686335e-01 9.229509110447260127e+02
4.429419731507456270e-01 -1.250150891196570302e-01 8.877914371707535945e-01 2.998396600559623039e+03 3.633473960429507987e-01 -8.802333684228721422e-01 -3.052341509459794988e-01 -3.844540183042437320e+02 8.196225217806881735e-01 4.577777240182340779e-01 -3.444683979446498401e-01 9.226168011704194214e+02
4.462540888339975864e-01 -1.436203977226412076e-01 8.833065546892044928e-01 2.999710221785359863e+03 3.428246804252050861e-01 -8.843045330908907431e-01 -3.169806480626827794e-01 -3.847202783982821188e+02 8.266368771657217618e-01 4.442731976080447898e-01 -3.453878967144448642e-01 9.222245137382907387e+02
4.593838192994035841e-01 -1.426463117359800525e-01 8.767089233685247951e-01 3.001128554492806870e+03 3.369278250165468891e-01 -8.852710421687868259e-01 -3.205851253988414862e-01 -3.850774057454764829e+02 8.218553080047086290e-01 4.426592500394605501e-01 -3.586176809068256088e-01 9.219435525970321805e+02
4.644098145263940158e-01 -1.410058595329024556e-01 8.743230934551204925e-01 3.002415391304140030e+03 3.343574333109076147e-01 -8.862647327606012482e-01 -3.205307009546882191e-01 -3.854827985764506479e+02 8.200784297622424335e-01 4.411940287924954740e-01 -3.644436828874164647e-01 9.215448222114434884e+02
4.663898996480214110e-01 -1.410703564822737011e-01 8.732580466438636391e-01 3.003690892882989829e+03 3.323607768193780898e-01 -8.869234071998379765e-01 -3.207852611842241797e-01 -3.859047018091676478e+02 8.197662932435865191e-01 4.398477285186086494e-01 -3.667658656127801842e-01 9.210660756544444894e+02
4.680829192606915656e-01 -1.404585019977988292e-01 8.724504512652317967e-01 3.005012075419735083e+03 3.291127552739570028e-01 -8.885520893470517656e-01 -3.196247469032310606e-01 -3.863695128556505551e+02 8.201116844749717361e-01 4.367454564543384321e-01 -3.696893713026080941e-01 9.205533438673172668e+02
4.622288138077833564e-01 -1.410333988720674225e-01 8.754736455704563713e-01 3.006319526956691789e+03 3.309676903716329277e-01 -8.884913657909933038e-01 -3.178733723433018188e-01 -3.868583870690952153e+02 8.226815371794355958e-01 4.366837222950185615e-01 -3.640088117980800342e-01 9.199197181610610414e+02
4.524233921057368990e-01 -1.512544159486377549e-01 8.788829136645893714e-01 3.007617165580388701e+03 3.274769400675799913e-01 -8.884861854215864163e-01 -3.214827398772029943e-01 -3.873125877461473010e+02 8.295010114517744615e-01 4.332601989232556239e-01 -3.524396005409530241e-01 9.192115694772681991e+02
4.411900217665485902e-01 -1.536762808782832501e-01 8.841577717743782650e-01 3.007972831843345830e+03 3.273529102320728024e-01 -8.897837490769153757e-01 -3.180014969166043426e-01 -3.875198980256139976e+02 8.355785043047890825e-01 4.297307070410857355e-01 -3.422573338436188384e-01 9.188773766087579133e+02
4.415753454775140363e-01 -1.513677128458585652e-01 8.843636298345892710e-01 3.009184609648187234e+03 3.247861909094872934e-01 -8.918532901853417627e-01 -3.148200104505212149e-01 -3.879885902115016734e+02 8.363761979282554604e-01 4.262458495907936462e-01 -3.446582818469632326e-01 9.183817399945921807e+02
4.508021975337377363e-01 -1.461917663453290439e-01 8.805710341315841072e-01 3.010756136254128705e+03 3.246006994359106335e-01 -8.921096685053917508e-01 -3.142844655481659699e-01 -3.885173955931391561e+02 8.315117345079823252e-01 4.275141013019511105e-01 -3.547110493958612332e-01 9.178896133749374258e+02
4.523003087122961507e-01 -1.442359996908554320e-01 8.801252224154944015e-01 3.011996409481119372e+03 3.269723885575542832e-01 -8.913077481669412494e-01 -3.141011862099894469e-01 -3.889450278228782736e+02 8.297671286931846968e-01 4.298447096926256705e-01 -3.559775803186649434e-01 9.174325731370527137e+02
4.580816923368907223e-01 -1.455853679860077965e-01 8.769071009942454031e-01 3.013274267619558486e+03 3.245667012101191018e-01 -8.909926537055421480e-01 -3.174721208363279756e-01 -3.892502566476098878e+02 8.275370805053723355e-01 4.300430114199239040e-01 -3.608952600374936703e-01 9.171423344862382692e+02
4.578271135662539959e-01 -1.383805390812437586e-01 8.782056481753915955e-01 3.014673766967828215e+03 3.302369354151147851e-01 -8.906656055595124633e-01 -3.125033528794836091e-01 -3.897796767804518367e+02 8.254319478740991256e-01 4.330884499462822057e-01 -3.620724981987713531e-01 9.165424243508575728e+02
4.669890123035777552e-01 -1.344185523663515291e-01 8.739867934742758804e-01 3.016111095631566513e+03 3.297110523915459113e-01 -8.906332697709359314e-01 -3.131501248729919862e-01 -3.901339112441582415e+02 8.204949020673997229e-01 4.344007729699029263e-01 -3.715966686133789221e-01 9.162379127023278897e+02
4.712561351057117376e-01 -1.350113327323160251e-01 8.716017411404443083e-01 3.017596471481093886e+03 3.291365687240433990e-01 -8.899083842813052536e-01 -3.158040321376215931e-01 -3.905751135975428951e+02 8.182828204562246910e-01 4.357005940088495843e-01 -3.749376189802033355e-01 9.157133720114904918e+02
4.700863832154972832e-01 -1.390025786326772594e-01 8.716060322466926413e-01 3.018958881869415109e+03 3.279240648850779150e-01 -8.893272774211783416e-01 -3.186891923235897206e-01 -3.910289345103303731e+02 8.194416391571909264e-01 4.356320428619601670e-01 -3.724783527230732250e-01 9.150930108385698531e+02
4.714693296547878276e-01 -1.425099444890771672e-01 8.702916677278766944e-01 3.020391137249717758e+03 3.232340404823891289e-01 -8.902536411997992172e-01 -3.208865989783762918e-01 -3.915283473296872216e+02 8.205098575083046297e-01 4.325960818733843860e-01 -3.736632222730794650e-01 9.144471525416471422e+02
4.676268333535193999e-01 -1.425618771730997048e-01 8.723538593395605556e-01 3.021665659668406079e+03 3.262017104623166075e-01 -8.894140897783445743e-01 -3.202109008063245277e-01 -3.919952721522989236e+02 8.215336808793795020e-01 4.343025305943132852e-01 -3.694099661624680730e-01 9.138554118069027936e+02
4.697250621584986296e-01 -1.350916298990365583e-01 8.724153927524433971e-01 3.023125255973402545e+03 3.317149854684219856e-01 -8.887989614866477206e-01 -3.162302554720538561e-01 -3.925530363256088435e+02 8.181219556984656860e-01 4.379345357373188308e-01 -3.726792293818623203e-01 9.132841565346039943e+02
4.716262675207707478e-01 -1.272478539994179314e-01 8.725689929380674448e-01 3.024490242605593721e+03 3.387266064444405256e-01 -8.874714669741540218e-01 -3.125038902051546774e-01 -3.930750044506114591e+02 8.141455335940019911e-01 4.429473771897385337e-01 -3.754526217376449870e-01 9.127364022834819934e+02
4.719681289155741588e-01 -1.242022766547076496e-01 8.728229372339517678e-01 3.025836116117975052e+03 3.385410856986035277e-01 -8.885914310416985762e-01 -3.095079998534063792e-01 -3.935625037536200352e+02 8.140245810673935045e-01 4.415643363690464063e-01 -3.773392614942419621e-01 9.121726309291115058e+02
4.695538478391423354e-01 -1.235073755284805397e-01 8.742225758749920805e-01 3.027084157606943791e+03 3.400097520189884204e-01 -8.885034632751719341e-01 -3.081476339029557976e-01 -3.939910389558032762e+02 8.148082918769569138e-01 4.419361084343236268e-01 -3.752065078733085590e-01 9.116038512550575206e+02
4.703363820505000459e-01 -1.214796896145668159e-01 8.740860213564670689e-01 3.028506410199665424e+03 3.403440209431352059e-01 -8.888859285937609211e-01 -3.066720615841042052e-01 -3.944959938977173692e+02 8.142171916189855363e-01 4.417289790800887905e-01 -3.767305056840451472e-01 9.109874556962175802e+02
4.714353059063233209e-01 -1.221873467132461311e-01 8.733951022579480306e-01 3.029836242884908643e+03 3.380085764910910062e-01 -8.896927360356459147e-01 -3.069153591201492781e-01 -3.949260188970822014e+02 8.145544515644612682e-01 4.399057714426623522e-01 -3.781321960478332689e-01 9.104469849690933643e+02
4.687341860238921076e-01 -1.212491187140773002e-01 8.749782363370887106e-01 3.031141027669827963e+03 3.362998900225675492e-01 -8.914452974613964464e-01 -3.036900815053876213e-01 -3.953965357569722414e+02 8.168173889085188488e-01 4.366050078102662879e-01 -3.770748206015190895e-01 9.098415661575390914e+02
4.722809304608058256e-01 -1.194722151558856860e-01 8.733138682792139784e-01 3.032524171435054541e+03 3.349287831472310129e-01 -8.921368969645583347e-01 -3.031739884850639388e-01 -3.958157334746126139e+02 8.153363925047085736e-01 4.356812445816040658e-01 -3.813245601547753938e-01 9.093076991820847752e+02
4.685540075517317105e-01 -1.168792879058749151e-01 8.756691007828305562e-01 3.033821681037402868e+03 3.377994476324699957e-01 -8.921834579796433795e-01 -2.998336380172533788e-01 -3.963129365344861412e+02 8.163018284840539707e-01 4.362887912450672534e-01 -3.785543758134461978e-01 9.086908652228686378e+02
4.664764087817317439e-01 -1.147425630436423316e-01 8.770598065561195922e-01 3.035161613598539134e+03 3.390701606377703459e-01 -8.926104490690315307e-01 -2.971161597386368092e-01 -3.968028452234510723e+02 8.169646174805689220e-01 4.359824886838205571e-01 -3.774759374395773026e-01 9.080928686482017156e+02
4.642386061416618470e-01 -1.141135636705151168e-01 8.783283048803824933e-01 3.036549993216471194e+03 3.386581332966166480e-01 -8.934437559037511356e-01 -2.950744377078887148e-01 -3.972912895362243262e+02 8.184089352638420634e-01 4.344379698219234531e-01 -3.761255974502510369e-01 9.074373658997290022e+02
4.643824246176820325e-01 -1.166589009219124312e-01 8.779178005610084323e-01 3.037968290717899436e+03 3.354808928328346651e-01 -8.942418903074124126e-01 -2.962836684049368619e-01 -3.977067248679088607e+02 8.196350006254522480e-01 4.321135758745576760e-01 -3.761333849774788907e-01 9.068395651241584119e+02
4.633641475420499645e-01 -1.206000100575754935e-01 8.779232906961326188e-01 3.039210829029600518e+03 3.321343438735830378e-01 -8.948460019080651806e-01 -2.982237590950665429e-01 -3.980562546080126367e+02 8.215719350076968741e-01 4.297746740365744333e-01 -3.745841496439257789e-01 9.063299271377098876e+02
4.267445607456726853e-01 -1.291812212394157222e-01 8.950984817063761811e-01 3.038145170626190975e+03 3.297501874090552620e-01 -8.993830610476866161e-01 -2.870103193339278436e-01 -3.984178606817714581e+02 8.421127559761074632e-01 4.176389847458765736e-01 -3.412092974154683489e-01 9.057805988183559975e+02
4.300951549603860835e-01 -1.278909812148323610e-01 8.936789438067189728e-01 3.039544877320335672e+03 3.291053141303888485e-01 -8.995834801229375399e-01 -2.871223685138804549e-01 -3.988141059123173591e+02 8.406591758202250908e-01 4.176044291118007901e-01 -3.448168947361296421e-01 9.053057284937165150e+02
4.866972075139482379e-01 -1.322322704099293811e-01 8.635047509193825022e-01 3.040247014522544760e+03 3.091827276018136450e-01 -8.984205670069518312e-01 -3.118437521124766132e-01 -3.981671237114589417e+02 8.170262352891913826e-01 4.187542375201990241e-01 -3.963748470930625878e-01 9.067695702027759808e+02
4.909562776497690684e-01 -1.397626376245939550e-01 8.599001910457306774e-01 3.041655157020819843e+03 3.017769086689929825e-01 -8.986533797131875945e-01 -3.183595459919967841e-01 -3.985116140830143650e+02 8.172469827600895576e-01 4.157986390721638004e-01 -3.990223814716002404e-01 9.062345870910625081e+02
4.992101239446926630e-01 -1.440366728754415016e-01 8.544253560247861978e-01 3.043125658003269109e+03 2.915704206683231714e-01 -9.006574467725365629e-01 -3.221845020550357375e-01 -3.988650243592245488e+02 8.159509433430554015e-01 4.099629256897876495e-01 -4.076204823330745186e-01 9.058769376530963200e+02
5.178763035499592826e-01 -1.098708279909677288e-01 8.483705177444547108e-01 3.044552204976768280e+03 3.161389276220807898e-01 -8.969319893119703790e-01 -3.091426612274846830e-01 -3.994869189983713795e+02 7.948964163105718406e-01 4.283006043720147815e-01 -4.297653774225849710e-01 9.056034862718623799e+02
5.188348680024902349e-01 -1.107182716266618960e-01 8.476743738445954301e-01 3.045768687789606247e+03 3.133667489159803199e-01 -8.979246082156324693e-01 -3.090836110741076448e-01 -3.998761874591463084e+02 7.953688832351102356e-01 4.259963172244440877e-01 -4.311791707545067354e-01 9.050981630376821840e+02
5.167499794137369040e-01 -1.128224114230480107e-01 8.486698782545395447e-01 3.047043118712259002e+03 3.071103972638795088e-01 -9.008779677541922659e-01 -3.067606413924007236e-01 -4.003061317781562707e+02 7.991574705077368890e-01 4.191538985811135709e-01 -4.308797356988714466e-01 9.044091612978879766e+02
5.107109954511429573e-01 -1.059576311790490916e-01 8.531982533504224309e-01 3.048379440015189630e+03 3.084320831872671143e-01 -9.037398040477413463e-01 -2.968568958951288139e-01 -4.009687478105691412e+02 8.025234757850163714e-01 4.147617954617520697e-01 -4.288691220399055704e-01 9.036000102979090798e+02
5.099689178225297326e-01 -9.877524179063296161e-02 8.545028697810818086e-01 3.049770468835669362e+03 3.124300720801355125e-01 -9.042752563193207083e-01 -2.909874754497294158e-01 -4.014995261117433643e+02 8.014481598424921804e-01 4.153669611534006045e-01 -4.302919179664796423e-01 9.028399726199970701e+02
5.097612738369738938e-01 -9.103581330481241851e-02 8.554857826942657839e-01 3.051110193081043690e+03 3.172754676024873710e-01 -9.044013552275849133e-01 -2.852971544199291998e-01 -4.019790189159456872e+02 7.996747597328086599e-01 4.168580925907765522e-01 -4.321453566658475798e-01 9.021676115081240823e+02
5.074770518155530263e-01 -7.799136978468716730e-02 8.581284216943793064e-01 3.052468610246372464e+03 3.263530102399025967e-01 -9.043044747968584929e-01 -2.751856274766355526e-01 -4.026127111801627620e+02 7.974714757205708660e-01 4.197031845262397254e-01 -4.334610505115614187e-01 9.014030567235166700e+02
-2.255248928595808555e-01 -1.380726243956433841e-01 9.644036878263980705e-01 3.052475159914974938e+03 3.168610748830775758e-01 -9.464818960309195894e-01 -6.140911747968443024e-02 -4.062932512301440511e+02 9.212695490053981473e-01 2.917327045056731238e-01 2.572050683738453247e-01 8.928191758142597791e+02
-2.357403524129520478e-01 -1.278012525768338070e-01 9.633760045195185473e-01 3.054280848555752982e+03 3.256849985317362695e-01 -9.443787750088630251e-01 -4.558520641743040586e-02 -4.065636358440744971e+02 9.156176975002144891e-01 3.030108399917914030e-01 2.642511359897498080e-01 8.931155155794992879e+02
-2.382821642240163518e-01 -1.242346224492341666e-01 9.632171971043691494e-01 3.056040382211978795e+03 3.200133593378143293e-01 -9.464410031390061429e-01 -4.290544746924299102e-02 -4.066287250992120335e+02 9.169585923355754176e-01 2.980187681373557829e-01 2.652767494143642990e-01 8.935380720827960204e+02
-2.904857495264586142e-01 -2.026478161532592470e-01 9.351747921807713748e-01 3.058515459600097074e+03 2.533128130718866888e-01 -9.587355523596109430e-01 -1.290688164325385912e-01 -4.058760337298286345e+02 9.227408347177731285e-01 1.993991054393311757e-01 3.298323038975110588e-01 8.933445114060888272e+02
-2.926776026223005811e-01 -2.030456935709266941e-01 9.344047662793395492e-01 3.059973289860008663e+03 2.488573912732925941e-01 -9.596954603321604660e-01 -1.305933467925209923e-01 -4.060553577391819999e+02 9.232604289862674785e-01 1.943117848719511653e-01 3.314107881888688767e-01 8.937922647486431060e+02
-2.892266290845528776e-01 -2.022782830244525265e-01 9.356449397314398064e-01 3.061601981947147124e+03 2.597752783049116498e-01 -9.573260099145086688e-01 -1.266637893115080404e-01 -4.063095856204433858e+02 9.213385706731185287e-01 2.064228838036755442e-01 3.294310720502650613e-01 8.943369903570418273e+02
-2.827304821098982068e-01 -2.029348766764299816e-01 9.374864854035026562e-01 3.063137135590395701e+03 2.664029883975946866e-01 -9.555249821652018749e-01 -1.264968625342135222e-01 -4.065111071781838632e+02 9.214623824436497523e-01 2.139846823641654572e-01 3.242184964723278107e-01 8.949685949938636895e+02
-2.758554242604627782e-01 -2.001834847792706706e-01 9.401225225084722803e-01 3.064471389428589191e+03 2.702185827220647263e-01 -9.547785641877799545e-01 -1.240153656575626318e-01 -4.067135356163756796e+02 9.224346602647535143e-01 2.198282643090505306e-01 3.174741434402437723e-01 8.955358399650720003e+02
-2.717498071591089581e-01 -1.990991754396845004e-01 9.415474287831758771e-01 3.066041730502806786e+03 2.675683322124811081e-01 -9.554215424702765525e-01 -1.248073065999255882e-01 -4.068741351719759791e+02 9.244237285498519974e-01 2.180119137178888333e-01 3.129082542392422339e-01 8.961296250783977939e+02
-2.464699102057323621e-01 -2.184122980834885541e-01 9.442185400684803831e-01 3.067437606459104700e+03 2.265564639418413684e-01 -9.602644418663878190e-01 -1.629857979493363196e-01 -4.067029947983809848e+02 9.422975920638562153e-01 1.737477186408613594e-01 2.861590086957819801e-01 8.968508107745112738e+02
-2.409773723369051379e-01 -2.098432024493861736e-01 9.475736047439120568e-01 3.068814668724567582e+03 2.277027743449940578e-01 -9.613181959465425530e-01 -1.549799106260394133e-01 -4.070027047742920558e+02 9.434412290000830925e-01 1.784184870686054414e-01 2.794378122140245280e-01 8.973620086955385204e+02
-2.422227152564299657e-01 -2.064361016942453386e-01 9.480043734767629182e-01 3.070291504872165206e+03 2.282338967947319108e-01 -9.618057278527745169e-01 -1.511258754266235627e-01 -4.072422355043520383e+02 9.429938730276500314e-01 1.797606124457095389e-01 2.800869108784862505e-01 8.977857482904872768e+02
-2.349692296683600357e-01 -2.018137846518987810e-01 9.508210438529002273e-01 3.071961294338600510e+03 2.260481546093865424e-01 -9.627334673844080148e-01 -1.484806471418493312e-01 -4.074709231236862479e+02 9.453526817578408181e-01 1.800429590471400443e-01 2.718323748025706088e-01 8.985183803292602533e+02
-2.457840744875161298e-01 -2.024499256587090623e-01 9.479473700206585418e-01 3.073281064053653154e+03 2.281413991646750183e-01 -9.625557138769034182e-01 -1.464172109763226537e-01 -4.077041246692978689e+02 9.420943109452969422e-01 1.802790206421290842e-01 2.827680745784768024e-01 8.985602680090177046e+02
-2.523361571959924499e-01 -2.039123706050272322e-01 9.459102541392508945e-01 3.075001271128350254e+03 2.074410510754546022e-01 -9.662163251848566725e-01 -1.529517024258227331e-01 -4.078962270520012794e+02 9.451426739388417708e-01 1.576253725149800999e-01 2.861111110027841353e-01 8.988598779747965182e+02
-2.511643356476773725e-01 -2.055640084579863358e-01 9.458646387963397517e-01 3.076520177337216865e+03 2.096972976546882528e-01 -9.655375611893001198e-01 -1.541566128614519360e-01 -4.081411378526333920e+02 9.449568878287385454e-01 1.596266154476781718e-01 2.856148171677038161e-01 8.993518801780638796e+02
-2.463582707866772692e-01 -2.069649832674212153e-01 9.468226328706442763e-01 3.078116099093360845e+03 2.076520589198201927e-01 -9.655179139749965334e-01 -1.570215915716906274e-01 -4.083687038919865131e+02 9.466721844658534391e-01 1.579261013717013773e-01 2.808400286002353807e-01 8.999327048865308143e+02
-2.423150208525379212e-01 -2.072589024712963579e-01 9.478012333900035502e-01 3.079647524691062699e+03 2.056144736868859568e-01 -9.656952556034609225e-01 -1.586044183350732439e-01 -4.085921335863108084e+02 9.481593320110767165e-01 1.564494188270997566e-01 2.766178961473161335e-01 9.004314266946000771e+02
-2.384449011459629231e-01 -2.057030894179149305e-01 9.491207868977489248e-01 3.081158734656589786e+03 2.034890547085470847e-01 -9.661981772181806871e-01 -1.582823014555407859e-01 -4.088129196776745289e+02 9.495979326700887402e-01 1.553940840063340323e-01 2.722433560704872191e-01 9.009070071823850867e+02
-2.376978378574926554e-01 -2.032695426057261612e-01 9.498322119862628865e-01 3.082529554449807620e+03 2.036042448997660570e-01 -9.665616135724153235e-01 -1.558972694663402492e-01 -4.090586997727525045e+02 9.497605220984195462e-01 1.563334264229022386e-01 2.711361474355813428e-01 9.012526239654687288e+02
-2.349986119217495339e-01 -2.055892816217369801e-01 9.500045787663835561e-01 3.084125572460015519e+03 2.019713317483562698e-01 -9.663707398700516205e-01 -1.591702681871821901e-01 -4.092625819291824882e+02 9.507803287545656401e-01 1.544688978572828220e-01 2.686189234735955056e-01 9.017238554211484143e+02
-2.366232923453124581e-01 -2.048008847059983595e-01 9.497715594516874527e-01 3.085732217724078964e+03 1.989159314148623570e-01 -9.670377663485568709e-01 -1.589666967793162411e-01 -4.095151405661020476e+02 9.510214875327559492e-01 1.513094712144984200e-01 2.695618188315432873e-01 9.021246991241079058e+02
-2.075219502860148613e-01 -1.998984227581159789e-01 9.575882521879079956e-01 3.087078989103927597e+03 2.106197334221615314e-01 -9.650702696182238416e-01 -1.558162462394778458e-01 -4.097212007762830694e+02 9.552873745856064192e-01 1.693516910981490431e-01 2.423758170270577939e-01 9.029335908146366592e+02
-2.113109155069897716e-01 -1.992211098815050430e-01 9.569005415220355193e-01 3.088669223650207641e+03 2.124344873629453179e-01 -9.649658432058122459e-01 -1.539886684951637108e-01 -4.099800772398574509e+02 9.540541313607077134e-01 1.707391894781436770e-01 2.462292501103579279e-01 9.032737704609528464e+02
-2.123195552765452243e-01 -2.001809718739319954e-01 9.564768606436666598e-01 3.090139851833566809e+03 2.077412889159981624e-01 -9.656659926795786442e-01 -1.559895748492798051e-01 -4.101826109708559898e+02 9.548633218040599724e-01 1.655800986886669934e-01 2.466156272249684089e-01 9.036236790618131636e+02
-2.077390534450782866e-01 -1.983047112417924418e-01 9.578725004785544339e-01 3.091636825587995645e+03 2.100615459226760351e-01 -9.654334257023813315e-01 -1.543128233852091580e-01 -4.104533883471220861e+02 9.553630894054426781e-01 1.691553783828640967e-01 2.422144202268617652e-01 9.040026167054265898e+02
-2.025829050777460671e-01 -1.968762786482389504e-01 9.592705027654436778e-01 3.093183170731494101e+03 2.062385333537503640e-01 -9.661887209636585983e-01 -1.547417941044968437e-01 -4.106551180839281301e+02 9.573013286997718030e-01 1.664904993932290744e-01 2.363367929067355100e-01 9.044431916777983815e+02
-1.876738182207623729e-01 -2.001673797296084911e-01 9.616192375605888687e-01 3.094773609439763277e+03 2.203413407836860849e-01 -9.626432043800667859e-01 -1.573777449403169493e-01 -4.109363264272587912e+02 9.571981150713166908e-01 1.823487898315644395e-01 2.247680745810645420e-01 9.050026051064949115e+02
-1.860560055786605882e-01 -1.965445732309071269e-01 9.626803174063440771e-01 3.096372800423402623e+03 2.200106691696944450e-01 -9.632428101583310198e-01 -1.541382305911125905e-01 -4.111808643335273246e+02 9.575899269727154994e-01 1.831215973383195361e-01 2.224590127386356364e-01 9.053645329606122232e+02
-1.950378162013174377e-01 -1.946447369291433860e-01 9.612875098726663126e-01 3.096286064126567453e+03 2.210309774582543407e-01 -9.636201330148671529e-01 -1.502715749975117032e-01 -4.112976949596194913e+02 9.555655693123645822e-01 1.831656781009204371e-01 2.309648828514048735e-01 9.049469397561880442e+02
-2.068839590439334186e-01 -1.952180844047940733e-01 9.586912573981344332e-01 3.097845898517853584e+03 2.209984523591917716e-01 -9.638890286456475165e-01 -1.485854115024954070e-01 -4.115462956644302608e+02 9.530785442685946185e-01 1.811293459874677991e-01 2.425560728512175246e-01 9.051913146822432736e+02
-1.969329927502637689e-01 -1.952739245928868661e-01 9.607733815736683169e-01 3.099231843224444674e+03 2.175678166852439144e-01 -9.642343162175843752e-01 -1.513817312993761544e-01 -4.117500222469660116e+02 9.559715694042552059e-01 1.792213095657799460e-01 2.323748710344754331e-01 9.056008155008623817e+02
-1.968874201131228519e-01 -1.983238481403247766e-01 9.601577969583950933e-01 3.100828207205392573e+03 2.161754192510383366e-01 -9.640062853592801240e-01 -1.547904063545716968e-01 -4.119762668336690581e+02 9.562967802480720758e-01 1.770862305392214564e-01 2.326734515164467221e-01 9.059552514449051159e+02
-1.904168038369623006e-01 -1.950159597821239377e-01 9.621383560833438597e-01 3.102353200030457174e+03 2.133470782839953228e-01 -9.648669254825568142e-01 -1.533454932415483918e-01 -4.122072070185338362e+02 9.582402960657573354e-01 1.760698484694902810e-01 2.253329613166595302e-01 9.063594076919841882e+02
-1.817714368152188176e-01 -1.950437552150137699e-01 9.638034438150463457e-01 3.103852341529000114e+03 2.044841711284890173e-01 -9.662031390341776493e-01 -1.569640655639679694e-01 -4.123993923991837391e+02 9.618447736074761112e-01 1.685509646133829809e-01 2.155114934565562634e-01 9.067149345423331397e+02
-1.948266665012658994e-01 -1.883791694239962677e-01 9.625777155882614400e-01 3.105257283242170161e+03 2.168228949922824389e-01 -9.653759670382671132e-01 -1.450416301344879810e-01 -4.128605956908176609e+02 9.565722148521567103e-01 1.804509096458938588e-01 2.289258984492634486e-01 9.062236755335663929e+02
-1.990155806645567127e-01 -1.872552792390879406e-01 9.619398417000029067e-01 3.106398948075328008e+03 2.136858631439557676e-01 -9.662482052331897719e-01 -1.438845293144324078e-01 -4.130451874868970208e+02 9.564157832999006237e-01 1.769176822160680451e-01 2.323122536030454433e-01 9.064541699476518488e+02
-2.121704312296773531e-01 -1.869678699694827251e-01 9.591802352586672464e-01 3.107608288169522893e+03 2.150763220926681651e-01 -9.663942027586019945e-01 -1.407992206996580009e-01 -4.133104582345871449e+02 9.532711491422021233e-01 1.764235258507663995e-01 2.452526365596987001e-01 9.063127641741888283e+02
-2.050812754985893716e-01 -1.870368480646517340e-01 9.607074934161263791e-01 3.108939094130207195e+03 2.163886324034206832e-01 -9.659453775781384754e-01 -1.418643270945209034e-01 -4.134581838494988801e+02 9.545248190625742479e-01 1.787924634917417432e-01 2.385699578574562996e-01 9.067559495065229385e+02
-2.053201840413858004e-01 -1.867849519379423118e-01 9.607054719083972794e-01 3.110458331071615703e+03 2.176744611263412843e-01 -9.657473249736034937e-01 -1.412442327306278889e-01 -4.136605108911145976e+02 9.541810368051545366e-01 1.801207540397524454e-01 2.389457322606660383e-01 9.071112640815468922e+02
-2.029161509327676582e-01 -1.871815722340063326e-01 9.611389570226668289e-01 3.111999389186133612e+03 2.168917262926770839e-01 -9.657694659330290365e-01 -1.422930698846272268e-01 -4.138512225762764274e+02 9.548732977502326635e-01 1.795895255503949239e-01 2.365683570475445585e-01 9.075301458407685686e+02
-2.024020784153509334e-01 -1.855488592213072607e-01 9.615638405715976056e-01 3.113568530654013557e+03 2.164518222840791373e-01 -9.660784074882923234e-01 -1.408585077826803589e-01 -4.140608196344044245e+02 9.550821992284426187e-01 1.796221907965022402e-01 2.356986662890152573e-01 9.079068163589466849e+02
-2.013190845845232724e-01 -1.845730324864913174e-01 9.619789092598514113e-01 3.115207392332449217e+03 2.168621925561267927e-01 -9.661137296368706995e-01 -1.399823233371336184e-01 -4.142743229370724407e+02 9.552179937698979106e-01 1.804357422625979257e-01 2.345240441667968134e-01 9.083107973091628082e+02
-1.911027587009954676e-01 -1.857646708802807578e-01 9.638315323071727780e-01 3.116695277451751735e+03 2.188501595024535118e-01 -9.652747961082781547e-01 -1.426505369210004648e-01 -4.144435475914722247e+02 9.568617158725755134e-01 1.836737734431393987e-01 2.251213042929115504e-01 9.087773245487911709e+02
-1.836587454046381129e-01 -1.836387587369260610e-01 9.656843539821581279e-01 3.118326558992372156e+03 2.227693529122864724e-01 -9.646107315973113661e-01 -1.410671892763087354e-01 -4.146740835898046385e+02 9.574148947240304075e-01 1.892166556538811273e-01 2.180682842224611062e-01 9.092348673785667188e+02
-1.821997577770083920e-01 -1.783287059320162182e-01 9.669550769847556904e-01 3.119891857463822816e+03 2.303136831474541513e-01 -9.637976378326222893e-01 -1.343492488378269234e-01 -4.149420284883504451e+02 9.559073467763722354e-01 1.982245846227161379e-01 2.166752372332869103e-01 9.096080140332765041e+02
-1.880799256512818707e-01 -1.782185394139801371e-01 9.658488980043092864e-01 3.121359809018013493e+03 2.358688140758356533e-01 -9.628154689765184848e-01 -1.317280351556302798e-01 -4.151843880124778252e+02 9.534106377177974379e-01 2.030382350904710032e-01 2.231224573589191407e-01 9.097985259149721742e+02
-1.914850775919683945e-01 -1.723327220122136128e-01 9.662478450084339698e-01 3.123145873070918697e+03 2.479736001354886921e-01 -9.610212863606611977e-01 -1.222586634865646810e-01 -4.155123546766394043e+02 9.496539152214517054e-01 2.161932470858861366e-01 2.267552010848302158e-01 9.101299447625597168e+02
-1.926935035058514878e-01 -1.713108801166743911e-01 9.661893168837430990e-01 3.124648378200644402e+03 2.515038346141550973e-01 -9.603732935490416622e-01 -1.201205986170503365e-01 -4.157038741594352587e+02 9.484803819167821892e-01 2.198538591687553556e-01 2.281430378678965532e-01 9.104328664292403346e+02
-1.983412583721255174e-01 -1.697669509061924820e-01 9.653185627591335249e-01 3.126313198066249242e+03 2.584573760907339923e-01 -9.590851054149009958e-01 -1.155661945188039830e-01 -4.159414642067707177e+02 9.454419759941081747e-01 2.265721583762694002e-01 2.341036673721018091e-01 9.106971190272166723e+02
-2.036234778891486408e-01 -1.696412029753485429e-01 9.642402924092040584e-01 3.128079032979103886e+03 2.681933302482413795e-01 -9.568665624277319370e-01 -1.117081882319762437e-01 -4.162227506694121644e+02 9.415996053857893511e-01 2.358564053842746311e-01 2.403371364906543295e-01 9.109976216998319387e+02
-2.045010606744414872e-01 -1.639207203655259903e-01 9.650436848235721676e-01 3.129724899429193101e+03 2.832388350410180999e-01 -9.536142863618978227e-01 -1.019585953761278224e-01 -4.165507681466008876e+02 9.369925712126134787e-01 2.524872081538289126e-01 2.414438469107333951e-01 9.113977481097497275e+02
-2.072409659282158090e-01 -1.611044996171359933e-01 9.649334289184071656e-01 3.131326706553586064e+03 2.846118560159290323e-01 -9.536115252501982109e-01 -9.808746262971780594e-02 -4.167357599265644694e+02 9.359739705014759048e-01 2.543037536354551542e-01 2.434796242616893980e-01 9.117587024092795218e+02
-2.058632534987819007e-01 -1.618755372928338265e-01 9.650992857136693193e-01 3.132856406573314416e+03 2.820197611126795678e-01 -9.541944007494667090e-01 -9.988943848221355781e-02 -4.168171528613556802e+02 9.370619911194942864e-01 2.516135052108754433e-01 2.420856641659259456e-01 9.121727209845256539e+02
-2.009663732332427621e-01 -1.644317909927110466e-01 9.656990747331121172e-01 3.134325630935138179e+03 2.828271553728153309e-01 -9.535694631681094213e-01 -1.035088358401521080e-01 -4.169029599176298007e+02 9.378812915359735491e-01 2.523241269165390488e-01 2.381411723381995915e-01 9.125917442299285085e+02
-1.977365222195605066e-01 -1.686177292452959720e-01 9.656439971152184221e-01 3.135867419962785789e+03 2.878867861748766188e-01 -9.516431394672241195e-01 -1.072218888606453618e-01 -4.170045652017209363e+02 9.370279964474920176e-01 2.567944635094494554e-01 2.367174209568955190e-01 9.129767585905161695e+02
-2.050974040371700280e-01 -1.711870556293845769e-01 9.636545267066091158e-01 3.137457735108387169e+03 2.913824790736502246e-01 -9.506198506566229112e-01 -1.068557458747643324e-01 -4.171636357037111225e+02 9.343614427758107910e-01 2.588762088769507308e-01 2.448505722504933091e-01 9.132901268462039752e+02
-1.901670007042641775e-01 -1.725689753466413956e-01 9.664659645279484179e-01 3.139044920953464498e+03 3.068959963570154215e-01 -9.455443624475097231e-01 -1.084467890891409741e-01 -4.173638135114165948e+02 9.325509955295558928e-01 2.759815345118626362e-01 2.327720630687941106e-01 9.137041092868630585e+02
-1.870094709627246055e-01 -1.698722235217074716e-01 9.675592413108439205e-01 3.141026309263785606e+03 3.110984039925606681e-01 -9.444824230891778472e-01 -1.056917002836772201e-01 -4.176661605786338782e+02 9.317967808505831506e-01 2.812407867848591980e-01 2.294741358957788080e-01 9.140469009956733544e+02
-1.897432055056163525e-01 -1.658911217798972049e-01 9.677177541406606354e-01 3.142783856814990941e+03 3.212033804665228032e-01 -9.418756346673109459e-01 -9.848186227375743673e-02 -4.179981464959678874e+02 9.278070404676377336e-01 2.921479497354708132e-01 2.319992912145077413e-01 9.143803781693045494e+02
-1.892017064329735154e-01 -1.640637171776891112e-01 9.681352235037590237e-01 3.144385355599869399e+03 3.148376911551726276e-01 -9.440258977085447256e-01 -9.844964542158099463e-02 -4.181050177463587261e+02 9.300967382540989981e-01 2.861786175824410083e-01 2.302647526819442403e-01 9.147989208648770045e+02
-1.876794380535987405e-01 -1.643870167553900807e-01 9.683766505106017330e-01 3.145968990900333210e+03 3.189536424883649968e-01 -9.426685243722742191e-01 -9.820706237934402616e-02 -4.182417558411016216e+02 9.290021541822557349e-01 2.904358137007935214e-01 2.293513366969404665e-01 9.151797118487155558e+02
-1.833260609461650481e-01 -1.660851295135906125e-01 9.689206805164184422e-01 3.147578515198281366e+03 3.228244872976248625e-01 -9.411354365691879664e-01 -1.002419095724257497e-01 -4.183650620757377396e+02 9.285342781927707900e-01 2.944143674961490209e-01 2.261509991860724822e-01 9.155755598268403901e+02
-1.818102060895611383e-01 -1.693847872883909034e-01 9.686350410742528005e-01 3.149171399942611515e+03 3.259253007379697142e-01 -9.397505154751506495e-01 -1.031584557999459528e-01 -4.184803195226021444e+02 9.277487522495062588e-01 2.969474069585976150e-01 2.260630226287235756e-01 9.159235171082096940e+02
-1.812454017601229372e-01 -1.679208339694598373e-01 9.689957161204553193e-01 3.150793666380100603e+03 3.318217721462934366e-01 -9.379755474119964020e-01 -1.004797690425127121e-01 -4.186638469415165673e+02 9.257669338826520766e-01 3.033223796163868058e-01 2.257235436398971895e-01 9.162869713076264588e+02
