1.000000000000000000e+00 0.000000000000000000e+00 0.000000000000000000e+00 0.000000000000000000e+00 0.000000000000000000e+00 1.000000000000000000e+00 0.000000000000000000e+00 0.000000000000000000e+00 0.000000000000000000e+00 0.000000000000000000e+00 1.000000000000000000e+00 0.000000000000000000e+00
9.999698876397968839e-01 5.295906504058139810e-04 7.742308918888721019e-03 -1.450894118636558150e-01 -5.391563418450877722e-04 9.999990939258717182e-01 1.233473905231361129e-03 3.194976532149757398e-03 -7.741648667535187128e-03 -1.237611077374967550e-03 9.999692671251100284e-01 1.304661098193140356e+00
9.998885259466825381e-01 2.949877483480602396e-03 -1.463673129505426405e-02 3.927141319026553057e-01 -2.908228433116093452e-03 9.999916641338876255e-01 2.865985017184047735e-03 -2.750302278575501858e-02 1.464506358989201007e-02 -2.823098576097274066e-03 9.998887699273739660e-01 2.370610259951789978e+00
9.998244971166266870e-01 1.049495383361166191e-02 -1.551872770286211699e-02 3.772165650987533980e-01 -1.062189212403340244e-02 9.999106164436970534e-01 -8.120008059728539562e-03 1.172767041313663300e-01 1.543212147407529988e-02 8.283421226463092216e-03 9.998466055148627074e-01 3.534992753274169175e+00
9.997722385551973678e-01 1.431465781906909700e-02 -1.582913724286653251e-02 3.622289917450605135e-01 -1.454110246701107757e-02 9.997922371883314341e-01 -1.428421495893659153e-02 1.712771255114185487e-01 1.562137488745543937e-02 1.451113467211257065e-02 9.997726739700141252e-01 4.883254021126487210e+00
9.998494715546923928e-01 1.211944913110506693e-02 -1.241584409384169883e-02 2.683243061109774619e-01 -1.233680480097929834e-02 9.997693129866607187e-01 -1.758192416890130491e-02 1.921558355201441470e-01 1.219989668425763840e-02 1.773244943421574751e-02 9.997683345445358416e-01 5.989983983216625063e+00
9.998580645969210590e-01 5.616662385501088213e-03 -1.588407265622931996e-02 3.816135550503809704e-01 -5.831385732641450673e-03 9.998918085074568474e-01 -1.350430376294770203e-02 1.626688113545821934e-01 1.580650501971322952e-02 1.359501317881356246e-02 9.997826413854806749e-01 7.020542334175702059e+00
9.997160793654742417e-01 1.333170216045593409e-02 -1.974908543784620676e-02 4.062651613924812000e-01 -1.386596553942389537e-02 9.995347280513801058e-01 -2.716730422605298859e-02 3.011519659519013015e-01 1.937771033393681855e-02 2.743343100591506128e-02 9.994357964398997707e-01 8.399793214474172487e+00
9.997464359656705879e-01 1.396204188829161009e-02 -1.766706427933151247e-02 3.362210050440842535e-01 -1.447899911044377326e-02 9.994605099195139619e-01 -2.947961492595003660e-02 2.585555651042849568e-01 1.724593745495465666e-02 2.972794136384350819e-02 9.994092390725466402e-01 9.685981361168357395e+00
9.995407017621982249e-01 1.821068318121021531e-02 -2.422305799869084106e-02 5.076418007079813721e-01 -1.898484867323257941e-02 9.993035875931801648e-01 -3.212343917220839701e-02 2.027539667550851132e-01 2.362119898711345645e-02 3.256855602371250269e-02 9.991903362808013389e-01 1.093839397780018885e+01
9.996623537041786633e-01 1.524831978588991367e-02 -2.103966088913309523e-02 4.841977756436977587e-01 -1.598389757540767328e-02 9.992507669811387938e-01 -3.524797449360941165e-02 1.997080294117049015e-01 2.048642489360583130e-02 3.557236893025964020e-02 9.991571012427261644e-01 1.206847637001142459e+01
9.995338184507743806e-01 2.006539937997456335e-02 -2.301142153230799348e-02 4.931315323548788321e-01 -2.092455613845157006e-02 9.990691012047082653e-01 -3.772391772366432555e-02 1.748734194290662847e-01 2.223305475242297324e-02 3.818783531093537797e-02 9.990232131990925968e-01 1.335034183380178341e+01
9.995359343379009998e-01 1.844119448582235560e-02 -2.424537715101268351e-02 4.996127068475840205e-01 -1.929458118756821605e-02 9.991852358269817103e-01 -3.544832354529630497e-02 9.418791169010976017e-02 2.357191345765352955e-02 3.589967759342339859e-02 9.990773633931615549e-01 1.466068256844345896e+01
9.994795179596244195e-01 2.273427969253961900e-02 -2.288767585530071189e-02 4.360671937974223145e-01 -2.359760610895534141e-02 9.989920316957839885e-01 -3.818472985700721578e-02 6.832221166624230513e-02 2.199650347492809743e-02 3.870494975048290737e-02 9.990085488621648357e-01 1.608553985585149348e+01
9.996538011025400960e-01 1.753545813695583933e-02 -1.961595394490603037e-02 3.732096061596517078e-01 -1.827620875263470321e-02 9.991013041679038809e-01 -3.824348576712208181e-02 2.398443046189672329e-02 1.892770812517248491e-02 3.858875118369368973e-02 9.990758980914360432e-01 1.744174117869566487e+01
9.997271058403895960e-01 1.556965014668526028e-02 -1.741550580105605608e-02 2.996169149831933165e-01 -1.631585299088232979e-02 9.989176157772797771e-01 -4.355903845370060617e-02 -4.486176336876875059e-03 1.671845654289613389e-02 4.383130027892027936e-02 9.988990491169169594e-01 1.882048542872813357e+01
9.997333198044277003e-01 1.749191277350538309e-02 -1.507720996538404121e-02 2.422873700314245871e-01 -1.823012770669058327e-02 9.985676815621356006e-01 -5.030156839914678296e-02 4.691369670713896670e-03 1.417574395275063813e-02 5.056301343017807759e-02 9.986202631412223196e-01 2.019267244874699330e+01
9.993546547604278407e-01 2.630533608287427202e-02 -2.446023921040854990e-02 4.125572752410763266e-01 -2.762514321886392829e-02 9.980884292480159958e-01 -5.528416467090645908e-02 -2.198510431386684755e-02 2.295921320081821884e-02 5.592420490976762054e-02 9.981710063082421813e-01 2.154141186071705150e+01
9.992778703326604672e-01 3.030976528976647363e-02 -2.291410027689434054e-02 3.867220264963810994e-01 -3.152908038138721447e-02 9.979955822545730770e-01 -5.487016393865377234e-02 -8.952094531953258549e-02 2.120506905728719582e-02 5.555300107491926292e-02 9.982305390629190311e-01 2.283040338835334992e+01
9.987189157695438579e-01 4.625160928810250621e-02 -2.052598164197437861e-02 3.468720512920823174e-01 -4.757688803428403862e-02 9.964382460256488994e-01 -6.962227791660151321e-02 2.343529874892952281e-02 1.723273074933724322e-02 7.050964824464811542e-02 9.973622323385505917e-01 2.425974930114504602e+01
9.978402820516735217e-01 6.123001435200223913e-02 -2.378354173562009788e-02 3.566392374126667320e-01 -6.276893901564661871e-02 9.955348724672126171e-01 -7.050090777101034045e-02 -3.125035399461964514e-02 1.936057359394099606e-02 7.184151337590320707e-02 9.972281409717510536e-01 2.555208716957297810e+01
9.973289071049799004e-01 7.073134328582567076e-02 -1.822438283643562293e-02 3.001791197081599694e-01 -7.194103537615510746e-02 9.943829446820869888e-01 -7.763405666576754516e-02 -4.126154181127877213e-02 1.263085435721084115e-02 7.873776985894062608e-02 9.968153415331491018e-01 2.690491212201979820e+01
9.975346939943172675e-01 6.811968299839676888e-02 -1.685950965656799957e-02 2.450333965268316760e-01 -6.926747259260272738e-02 9.943086515265829872e-01 -8.094641894498545709e-02 -1.436869087818790358e-01 1.124951191363363599e-02 8.191467687528304620e-02 9.965758547115836086e-01 2.821439291794019510e+01
9.986912838714060436e-01 4.801583112803674974e-02 -1.761248081232473159e-02 2.586027398682217981e-01 -4.930402827642479946e-02 9.954135764705644984e-01 -8.198124525641724281e-02 -3.051274935377320530e-01 1.359530488801699750e-02 8.274232133049691518e-02 9.964782365640725281e-01 2.946474788544890089e+01
9.985680959544195323e-01 5.190265545049615320e-02 -1.295654657498617780e-02 1.533998466418189377e-01 -5.280209502791553128e-02 9.951479490791413918e-01 -8.302107084492589550e-02 -3.891852932259395881e-01 8.584666716050362578e-03 8.358632544120085661e-02 9.964635616502054427e-01 3.081070733076495216e+01
9.986572808269655877e-01 5.112245747472289603e-02 -8.374353290480229459e-03 -3.299261641406673329e-01 -5.165375347842184051e-02 9.949629319890939128e-01 -8.591073110649238842e-02 -4.832128613358386282e-01 3.940203405794616420e-03 8.622794390107417495e-02 9.962676429994674621e-01 3.221388225879764633e+01
9.991776915946608550e-01 3.971502690075796177e-02 -8.164389618028426374e-03 -2.056353361709288841e-01 -4.028442701527761016e-02 9.952241116171011148e-01 -8.891643602843503358e-02 -5.149757999035797784e-01 4.594078755709304733e-03 8.917221705340797056e-02 9.960056275675187587e-01 3.356218778987004470e+01
9.991694831008907096e-01 4.070093344668111734e-02 1.943722322610442208e-03 -4.991896688408803962e-01 -4.039243748929274153e-02 9.956218117509804122e-01 -8.429507078924662611e-02 -6.787224108810859802e-01 -5.366100406454751316e-03 8.414655062603199065e-02 9.964389409212033311e-01 3.478451724017664759e+01
9.985232555105163499e-01 3.991020081238878803e-02 -3.685761896533557014e-02 1.632625779276706823e-01 -4.321078305831516086e-02 9.946730186574725963e-01 -9.358639955844513802e-02 -7.394556588834150235e-01 3.292622711709127653e-02 9.504084293576382791e-02 9.949286917874536895e-01 3.733176600766025643e+01
9.972219593486899569e-01 4.685576976962523704e-02 -5.790423673665503340e-02 7.577237775880303339e-01 -5.226909692564849635e-02 9.940259595740201792e-01 -9.581405533385728424e-02 -8.879523705121911137e-01 5.306887316813751337e-02 9.857448215556689763e-02 9.937136238214848705e-01 3.886643755829000213e+01
9.972734427597140794e-01 4.625742437978924704e-02 -5.749722650645223282e-02 6.725100828147237975e-01 -5.159682438751057171e-02 9.941255387175070846e-01 -9.514295025247512805e-02 -1.071414162388102387e+00 5.275839344891555122e-02 9.785021185142447897e-02 9.938017347345101671e-01 4.022870542977818076e+01
9.969480693108075942e-01 5.027910958624604715e-02 -5.972066842112342538e-02 6.212942300109122185e-01 -5.604026334269379683e-02 9.935005562602444718e-01 -9.907640281651103331e-02 -1.184963459886837045e+00 5.435104398199745723e-02 1.021207904875020278e-01 9.932861159647182747e-01 4.163963695905938067e+01
9.960829808087697801e-01 5.785153394864504806e-02 -6.687223162795923048e-02 6.877724515042070719e-01 -6.480332770725183433e-02 9.921501448736900208e-01 -1.069514784618494502e-01 -1.253290362184846796e+00 6.015998721061341370e-02 1.108660906088858866e-01 9.920128456284840190e-01 4.314438551940391164e+01
9.959320091472217973e-01 5.705774491957524286e-02 -6.974128548191399490e-02 6.728497044391846815e-01 -6.427556434192431556e-02 9.922800610891292505e-01 -1.060609833702905042e-01 -1.431347057129229494e+00 6.315128648336690298e-02 1.101121887423847368e-01 9.919108936320130132e-01 4.459016818216551314e+01
9.958430306370903429e-01 5.861157737354126540e-02 -6.972331983862377347e-02 5.568877089577067840e-01 -6.594712623169228516e-02 9.919569507588574808e-01 -1.080388096147040095e-01 -1.581463161269237805e+00 6.283020669482849985e-02 1.121877481678208027e-01 9.916986811969249471e-01 4.600088898169782681e+01
9.969335257514216897e-01 5.302532312415561555e-02 -5.754876489045322036e-02 6.707315283601622546e-02 -5.920314914302014092e-02 9.919910154014779380e-01 -1.115742465548693191e-01 -1.676506850263484116e+00 5.117159724287560080e-02 1.146391751118104874e-01 9.920883666112094712e-01 4.729158318192385480e+01
9.972523840861424738e-01 4.148418199175758075e-02 -6.137381427757387237e-02 -2.357463696607543790e-02 -4.761039193551334925e-02 9.936463668279992278e-01 -1.019811172191045362e-01 -1.943091502143301064e+00 5.675326434884776089e-02 1.046229436308531574e-01 9.928912864215121425e-01 4.868201994685697542e+01
9.979540391060599536e-01 3.079948929722527498e-02 -5.602791528272020594e-02 -7.707295967286656446e-02 -3.605068112654399859e-02 9.947987144224995637e-01 -9.526734054044241895e-02 -2.168911253150474394e+00 5.280231265967237630e-02 9.709227179526956630e-02 9.938737377229687198e-01 4.990155875908329364e+01
9.978050578541677318e-01 3.319550675107992010e-02 -5.729855890139338992e-02 -1.898508450217372967e-01 -3.866778600726002851e-02 9.945132215467752390e-01 -9.720213214711467820e-02 -2.297524170599670956e+00 5.375750036910355301e-02 9.920438750472386491e-02 9.936139193136735992e-01 5.126451343468877297e+01
9.977064797507166904e-01 3.483654615733020043e-02 -5.803615524186946095e-02 -2.015008277139281045e-01 -4.046097312192067919e-02 9.942902827302150248e-01 -9.874078854399281902e-02 -2.437797268086412394e+00 5.426499716628918613e-02 1.008625238633780591e-01 9.934193783908443764e-01 5.262676757827347274e+01
9.974463735638591233e-01 5.050780954717892790e-02 -5.049448523403748251e-02 -5.074262971786005494e-01 -5.579349991581306067e-02 9.924272164207746938e-01 -1.094317388806839014e-01 -2.581318836285272589e+00 4.458494399961362986e-02 1.119695551569797887e-01 9.927109355126998436e-01 5.404333664795198899e+01
9.978387121265297477e-01 4.589647507174299951e-02 -4.702571804508920428e-02 -7.579849730143390918e-01 -5.108873356789936371e-02 9.919427551148898292e-01 -1.159289087221206382e-01 -2.644571456816880772e+00 4.132609204964271532e-02 1.180808373575596704e-01 9.921436740537342702e-01 5.570400907910743626e+01
9.987034375660441832e-01 3.119154113153958102e-02 -4.023097756215013310e-02 -8.867208221813402957e-01 -3.533100068873653438e-02 9.936672519107244694e-01 -1.066635498683270178e-01 -2.943391362839967051e+00 3.664920441290990538e-02 1.079466546124521753e-01 9.934809286412502605e-01 5.701868251055548598e+01
9.982490222929212287e-01 4.450643905405186201e-02 -3.896237125683155167e-02 -9.598360864705508533e-01 -4.847550788010560052e-02 9.930026845841388727e-01 -1.076837663923868038e-01 -3.197090345991272287e+00 3.389711826974423081e-02 1.093839352529075576e-01 9.934214312574466410e-01 5.827065576772176314e+01
9.991385601439020103e-01 3.880871864451915232e-02 -1.469765255885383329e-02 -2.229990783886840688e+00 -4.025175937413368044e-02 9.924666406240254535e-01 -1.157141439744374806e-01 -3.128217226191265965e+00 1.009621220344950922e-02 1.162060695730671167e-01 9.931738095084472473e-01 5.979317533062729240e+01
9.989693479599672798e-01 4.492401015620215571e-02 -6.486535895520934188e-03 -2.344421938959422302e+00 -4.537641576598610421e-02 9.919040439628826755e-01 -1.186058534065694420e-01 -3.250385788202424742e+00 1.105770623055869761e-03 1.187779477914721188e-01 9.929202265991841081e-01 6.089782618815389270e+01
9.994484015319144987e-01 3.310738061702304946e-02 -2.606534861149148279e-03 -2.473254433859243040e+00 -3.318043666461107516e-02 9.921820958755361852e-01 -1.203068877777264817e-01 -3.317530212223761765e+00 -1.396888702999069757e-03 1.203270126476023855e-01 9.927333270970882806e-01 6.206521352522948831e+01
9.993662159263925204e-01 3.544357357348657672e-02 -3.304475344939630539e-03 -2.295395477588359157e+00 -3.558365342327234754e-02 9.921015761996899718e-01 -1.202841058125784929e-01 -3.501257720215326330e+00 -9.849233558615593659e-04 1.203254569674262753e-01 9.927340098594192863e-01 6.315911636186343259e+01
9.983903589169110804e-01 5.670400918060426732e-02 1.160415705156059556e-03 -2.374845557590191447e+00 -5.609144869297068986e-02 9.902192666446151259e-01 -1.277480072224745355e-01 -3.644387256944379150e+00 -8.392890162909651119e-03 1.274772893837781418e-01 9.918059790534013986e-01 6.423676826798711659e+01
9.979801112811945707e-01 6.344390894448023732e-02 3.250831435250946429e-03 -2.365437419455715951e+00 -6.246837132639682100e-02 9.893653172051869449e-01 -1.313543744810055924e-01 -3.846588821519236756e+00 -1.154989484814976028e-02 1.308859791166088749e-01 9.913301470245322600e-01 6.561837376805449651e+01
9.978276750102701431e-01 6.564597929609637672e-02 5.525973747363474922e-03 -2.359562478006656416e+00 -6.435340253384688736e-02 9.892402356599360180e-01 -1.313864366431322372e-01 -4.015985486210558619e+00 -1.409150687175544925e-02 1.307454073905452707e-01 9.913158265055391771e-01 6.689454452015696972e+01
9.975640675249549671e-01 6.564872213885253327e-02 2.358339383133739933e-02 -2.800644431631006182e+00 -6.210576629085270278e-02 9.897963554808294484e-01 -1.282421477919058472e-01 -4.180791642562132537e+00 -3.176169039100742997e-02 1.264650938337957831e-01 9.914624425892850645e-01 6.795515046446801932e+01
9.975063682817661981e-01 6.784773238737516754e-02 1.943528870930576885e-02 -2.475988112852038014e+00 -6.490707357536165678e-02 9.900459906461701598e-01 -1.248839789777401871e-01 -4.437681585159072739e+00 -2.771492444885135728e-02 1.233110766124485280e-01 9.919809783193781483e-01 6.904405213591401491e+01
9.970211163888073047e-01 7.650033857975167828e-02 9.828106226636127915e-03 -2.299882881189372341e+00 -7.466646483406876034e-02 9.892618405125757075e-01 -1.256420707201297005e-01 -4.523761617067542318e+00 -1.933423140446623514e-02 1.245339676668284074e-01 9.920269544690574204e-01 6.990486290878376963e+01
9.961406788328237560e-01 8.676866084796507061e-02 1.322677092622299988e-02 -2.277686180963912843e+00 -8.440385785956401599e-02 9.883262158690627741e-01 -1.268356409072359803e-01 -4.718262321393549286e+00 -2.407772316699521506e-02 1.252297509403321463e-01 9.918355573009640658e-01 7.108186671848038429e+01
9.958488568652799078e-01 9.061864812413454595e-02 8.562411592048345052e-03 -2.196121217129942682e+00 -8.868928236794663966e-02 9.871829404796851337e-01 -1.326802668784199113e-01 -4.814857977816586754e+00 -2.047597307030747313e-02 1.313700979600168350e-01 9.911219056648868930e-01 7.225753976206016205e+01
9.915493599102292999e-01 1.291100827419139063e-01 -1.266702001246832431e-02 -2.486989885447776771e+00 -1.293931174177518906e-01 9.772171519013709284e-01 -1.682381026838892513e-01 -5.086385028002879949e+00 -9.342806138197722737e-03 1.684554082365278260e-01 9.856649975571432076e-01 7.655860513846077708e+01
9.916238554622162082e-01 1.290481160706230535e-01 -5.358452843726565704e-03 -2.657702826879062563e+00 -1.280660301413189539e-01 9.769970251092705560e-01 -1.705165823357502608e-01 -5.275089802734592936e+00 -1.676965122172082573e-02 1.697745465794123221e-01 9.853402367363525149e-01 7.775313545038513041e+01
9.905615304130938048e-01 1.251133978485921561e-01 5.598653538532768342e-02 -5.514964924242123701e+00 -1.100385009200323116e-01 9.694022107711699476e-01 -2.194330924615232048e-01 -4.619472179265097900e+00 -8.172749097424059084e-02 2.112013054664565459e-01 9.740198282315998268e-01 7.992377063804491399e+01
9.923488048522201010e-01 1.224070494170318435e-01 1.613579131586457063e-02 -4.037994324506709809e+00 -1.164107627578243181e-01 9.711638809464582245e-01 -2.080606898458751963e-01 -5.134329827947293090e+00 -4.113859286016295636e-02 2.045903971305018110e-01 9.779828145624361868e-01 8.097980447991842823e+01
9.927870755692571603e-01 1.176952404826802495e-01 2.283972307997550813e-02 -4.171594666736259782e+00 -1.106890036875995409e-01 9.729951764152426907e-01 -2.025545139840215780e-01 -5.540264449237416677e+00 -4.606264262167795304e-02 1.985653973893255764e-01 9.790046046440853411e-01 8.224833337558409596e+01
9.919781884917693304e-01 1.217136232648085709e-01 -3.413308465908541922e-02 -3.360263900505548129e+00 -1.260897633019164299e-01 9.719000392377542541e-01 -1.987754645827930211e-01 -6.071179987417195001e+00 8.980264308953397542e-03 2.014847578388770655e-01 9.794504822662271071e-01 8.420726137681549517e+01
9.906345379446176436e-01 1.296124213680021620e-01 -4.293987026508334220e-02 -3.304560301058011351e+00 -1.356054544612644019e-01 9.706692953982644090e-01 -1.985252620987521532e-01 -6.396586452501065168e+00 1.594907369136486230e-02 2.024888619113357491e-01 9.791546802473208855e-01 8.562163001880422541e+01
9.974662103348947984e-01 -4.205895392449016806e-02 5.737772769050032695e-02 -1.014443014132426057e+01 5.591846278120055774e-02 9.621144228278767363e-01 -2.668500757106060939e-01 -4.350641097120746537e+00 -4.398050432106177104e-02 2.693824080769691709e-01 9.620284992963110682e-01 8.785520631518943446e+01
9.972461892368584824e-01 -5.154190840715256600e-02 5.332419460542418138e-02 -9.957925878127207753e+00 6.374898051677979627e-02 9.631694407677696690e-01 -2.612292017638156438e-01 -4.777019133715579180e+00 -3.789598310691401351e-02 2.639091890193256407e-01 9.638027985099010264e-01 8.903803240629035542e+01
9.972391671834397453e-01 -6.716338339345130637e-02 3.167212285952029222e-02 -9.712981821001569926e+00 7.314098415188062530e-02 9.620849692080994942e-01 -2.627601728975155204e-01 -5.091561536380361908e+00 -1.282341111321135159e-02 2.643512662254194900e-01 9.643412094131585954e-01 9.053262547579363684e+01
9.984536105109425019e-01 -5.059774300235590078e-02 2.302728947868953185e-02 -9.441402624406880051e+00 5.489076944512713552e-02 9.628663628674771768e-01 -2.643394989177091370e-01 -5.365944761725866208e+00 -8.797220435432523064e-03 2.651947127327608511e-01 9.641547454901592262e-01 9.147640792127350551e+01
9.914428255053907568e-01 -7.628232263753276232e-02 -1.059345600213392191e-01 -7.258613176156766933e+00 4.734677452284890425e-02 9.663713003971881044e-01 -2.527544118525267280e-01 -6.548698578815699278e+00 1.216528121178201277e-01 2.455758885185145568e-01 9.617136144831074374e-01 9.474466007248749122e+01
9.920425737759031026e-01 -7.319232277889900495e-02 -1.024422554530849405e-01 -7.479144526863734654e+00 4.449540487693876695e-02 9.649708059623929302e-01 -2.585565752115262517e-01 -6.832381308274293907e+00 1.177781421186576555e-01 2.519409207066333201e-01 9.605488440014731122e-01 9.590971921302215719e+01
9.914683522577176777e-01 -8.210503205027291918e-02 -1.012386792851084488e-01 -7.764432023584447506e+00 5.354241831655323636e-02 9.646639291600319632e-01 -2.579858779436020599e-01 -7.187948931340604197e+00 1.188432409192224232e-01 2.503642695944049978e-01 9.608298582986850578e-01 9.728613632414625556e+01
9.948400513085824404e-01 -6.220663763145703462e-02 -8.014740511663023814e-02 -8.086577864674323379e+00 3.919423057756963452e-02 9.642898821992034186e-01 -2.619328833454609984e-01 -7.546862395482998309e+00 9.357929579652099483e-02 2.574400072304680598e-01 9.617523371821875555e-01 9.831178691461771280e+01
9.984160638491363926e-01 -3.208797646462154679e-02 -4.621390715365127771e-02 -9.224260807111750893e+00 1.848255332722663000e-02 9.628883201654532265e-01 -2.692665558725155783e-01 -7.715196525940265282e+00 5.313905033500831987e-02 2.679859038370235869e-01 9.619562342820715539e-01 9.880655706241640246e+01
9.976926504037341159e-01 -3.937158232694316917e-02 -5.531052192348370061e-02 -9.005871852684043333e+00 2.281828618164253447e-02 9.617435931312001696e-01 -2.729992433813854813e-01 -7.987069199642154338e+00 6.394295227863654174e-02 2.711072473692823226e-01 9.604229064728408982e-01 1.001377930293387664e+02
9.987691637769331443e-01 -9.826151427088355983e-03 -4.861691307003719598e-02 -9.563872259357044214e+00 -4.501055807267787673e-03 9.581803368395295228e-01 -2.861296604525543352e-01 -8.285881886532907359e+00 4.939532351293435264e-02 2.859963091408809777e-01 9.569567457167762470e-01 1.013447391565250797e+02
9.985612940925149283e-01 2.634925849090754071e-02 -4.670180421850899516e-02 -9.948264791292070086e+00 -3.857434117979734872e-02 9.579589629726693589e-01 -2.843002734132720755e-01 -9.064867937662604902e+00 3.724731054491334237e-02 2.856927402600498711e-01 9.575971470403774610e-01 1.031064951638328751e+02
9.971023354734570576e-01 -1.799843772557827362e-02 -7.391203442483669506e-02 -9.767458133440980461e+00 -4.433248411225194398e-03 9.562081185549234918e-01 -2.926540283648371155e-01 -9.378491301025039917e+00 7.594260268060384900e-02 2.921336855774790409e-01 9.533575566643454069e-01 1.051782560633000969e+02
9.971014483783902094e-01 -1.732786790167373941e-02 -7.408405115610781910e-02 -9.881887686911705160e+00 -5.328288094448215342e-03 9.554259362579075043e-01 -2.951828072088077404e-01 -9.760996865777730847e+00 7.589671262776236105e-02 2.947219457720650637e-01 9.525642569887990962e-01 1.064370764944683856e+02
9.986234919354551876e-01 -2.289294295902142770e-02 -4.719146657306130116e-02 -1.080941364223125944e+01 7.894246951626947978e-03 9.550738690769565720e-01 -2.962626967261124400e-01 -9.835591384455266706e+00 5.185366158438611123e-02 2.954823476437081209e-01 9.539399247391054937e-01 1.063963311360471238e+02
9.986533089183061707e-01 -3.502933212281439390e-02 3.826897539197489373e-02 -1.254984839993795376e+01 4.535800806180743938e-02 9.475798428426297493e-01 -3.162832473321854909e-01 -9.571945796929318462e+00 -2.518371877199482994e-02 3.175931159980608376e-01 9.478926062479072767e-01 1.064784919571555264e+02
9.990436702549082559e-01 -3.180277672474396411e-02 3.000547143776565243e-02 -1.230635192196173300e+01 3.960646126556406632e-02 9.489546406204949491e-01 -3.129159923539177601e-01 -1.014457158452735897e+01 -1.852223392644027772e-02 3.138051520249700577e-01 9.493067225154124822e-01 1.079834833164257759e+02
9.990116500335348704e-01 -3.414490877389896040e-02 2.845783375630043729e-02 -1.219050834344571577e+01 4.133413950073872023e-02 9.490929836826124122e-01 -3.122723126313952102e-01 -1.054309426857019183e+01 -1.634662072149769760e-02 3.131399583720498869e-01 9.495662980865176017e-01 1.091965321631680581e+02
9.989115981743180717e-01 -3.643641298392952255e-02 2.912055702932195289e-02 -1.201165872780744159e+01 4.384219251660584349e-02 9.465557229418561924e-01 -3.195467501342282857e-01 -1.090742305165654713e+01 -1.592109255579629568e-02 3.204756639354621739e-01 9.471229421975529972e-01 1.103131446007558480e+02
9.986998993000264502e-01 -3.581619525920173852e-02 3.627273487450784206e-02 -1.212830212093680160e+01 4.563749603218315853e-02 9.452255032300183046e-01 -3.232119536766252521e-01 -1.131592592204431469e+01 -2.270969163229582741e-02 3.244471423833223955e-01 9.456311763606660703e-01 1.113746455540335205e+02
9.988039297178638032e-01 -2.942591055136149422e-02 3.904901750854186671e-02 -1.212811830754913522e+01 4.099129729202719702e-02 9.392888063752273808e-01 -3.406702977432957136e-01 -1.149042333682947969e+01 -2.665377133682396427e-02 3.418635020098121369e-01 9.393715571950785881e-01 1.125843395990148963e+02
9.984093674700563747e-01 -4.047015903103198114e-02 3.925431410752531353e-02 -1.189800438294255081e+01 5.163247030826206146e-02 9.359659973621575757e-01 -3.482839930167856979e-01 -1.182825107215174754e+01 -2.264559466906544000e-02 3.497567983754616971e-01 9.365667936843729002e-01 1.137744027520730299e+02
9.982188638642636169e-01 -3.982324468391145594e-02 4.442081728640118882e-02 -1.192296004318701641e+01 5.303637122490208883e-02 9.333208303865884181e-01 -3.551047322886193847e-01 -1.218161801801720934e+01 -2.731745143385058694e-02 3.568281613736835611e-01 9.337705393177868629e-01 1.149221104728275975e+02
9.981001658477303140e-01 -3.727303596123314466e-02 4.905894133564002446e-02 -1.195728957940837311e+01 5.219520752398815883e-02 9.346078248734903671e-01 -3.518293250949383610e-01 -1.273360819582643977e+01 -3.273712336581893062e-02 3.537215493512732012e-01 9.347776988558622602e-01 1.161114520703886228e+02
9.977450218276043836e-01 -4.164152869228000819e-02 5.263890677447598254e-02 -1.189245925448393848e+01 5.779063314883516045e-02 9.318419069209578076e-01 -3.582330292228207980e-01 -1.314408052772649960e+01 -3.413376830205805401e-02 3.604672573120509815e-01 9.321471140691384161e-01 1.174013568529849181e+02
9.971172489703179487e-01 -4.783340708958135068e-02 5.889954984612670585e-02 -1.209031894646827965e+01 6.586307110383256280e-02 9.310598574268569294e-01 -3.588726762419230942e-01 -1.357782210380065990e+01 -3.767290366623367998e-02 3.617174409044603411e-01 9.315262987564423280e-01 1.186072865445707265e+02
9.970792820432179404e-01 -4.575805468690534450e-02 6.114822770498874044e-02 -1.201118893790343556e+01 6.496543790323890122e-02 9.291075416460804481e-01 -3.640586050822104958e-01 -1.399437423980358020e+01 -4.015466595840694319e-02 3.669678139668866024e-01 9.293665726257461790e-01 1.198198801973797174e+02
9.868078927336214612e-01 -5.747195950790234820e-02 1.513511040890047066e-01 -1.493272724449197142e+01 1.089547681826482234e-01 9.272307116192628484e-01 -3.582904770159097696e-01 -1.473428386615493224e+01 -1.197457361616837551e-01 3.700542950707981227e-01 9.212604286360864814e-01 1.212922654799310749e+02
9.854749294206198718e-01 -5.591864122247874880e-02 1.603504569599531748e-01 -1.501828616880639089e+01 1.112418207649707030e-01 9.260084232931083958e-01 -3.607404292605622675e-01 -1.515756793424303872e+01 -1.283137591855513238e-01 3.733383258574358710e-01 9.187785770519657502e-01 1.222197935307946608e+02
9.848938432400746734e-01 -4.995217164081576511e-02 1.657977626392191095e-01 -1.487408371190933032e+01 1.078003234435088997e-01 9.261877401125361287e-01 -3.613244529930095816e-01 -1.560107685413725065e+01 -1.355109140006022228e-01 3.737392816036197996e-01 9.175814631808597577e-01 1.232564047826559346e+02
9.629966118303043832e-01 -8.844107053389782536e-02 2.545892822688766710e-01 -1.712783025843091522e+01 1.657061782091837632e-01 9.392773178224408381e-01 -3.004988897276960058e-01 -1.607105586707954004e+01 -2.125534946940854097e-01 3.315664296443333603e-01 9.191761064269655668e-01 1.223320539768785693e+02
9.639082913839184252e-01 -7.383469442895197743e-02 2.557914066186116053e-01 -1.683371939481731161e+01 1.527245283859181013e-01 9.403208116393447780e-01 -3.040920742591155523e-01 -1.643030191180389821e+01 -2.180734377007945701e-01 3.321824936634926173e-01 9.176593957851991723e-01 1.234192635226990831e+02
9.627380683013685436e-01 -8.049758946135035509e-02 2.581773613899371878e-01 -1.649913896032061089e+01 1.597151904126135891e-01 9.396396446422016213e-01 -3.026027035043257207e-01 -1.678888704107421859e+01 -2.182348959145160028e-01 3.325619886691449367e-01 9.174835442107935890e-01 1.245551134103472180e+02
9.625808065536215485e-01 -8.551572958678339831e-02 2.571483051622692195e-01 -1.612527798653527356e+01 1.636066707416534705e-01 9.398434763764407229e-01 -2.998784707201672117e-01 -1.722494446740373775e+01 -2.160348308570129161e-01 3.307284383083415880e-01 9.186662353383315827e-01 1.256589471940683609e+02
9.610319167284604447e-01 -7.914037839611771930e-02 2.648668637949025961e-01 -1.602069737204804412e+01 1.604601057021774746e-01 9.399093849777124809e-01 -3.013683833929005629e-01 -1.756852712887462431e+01 -2.251004431521019533e-01 3.321252000949698746e-01 9.159817912789527394e-01 1.266912839359414704e+02
9.604565111232644670e-01 -8.365031553451043878e-02 2.655671571409196074e-01 -1.569601815391498256e+01 1.643653316355785099e-01 9.402161045409591633e-01 -2.982913249126374344e-01 -1.802124621909190338e+01 -2.247383545309028230e-01 3.301458790789117415e-01 9.167858913235688023e-01 1.279866923247563619e+02
9.622340870726949769e-01 -8.413859346552955698e-02 2.588943003718424674e-01 -1.520979692096543801e+01 1.627876102663347035e-01 9.401039877274002254e-01 -2.995074059231307428e-01 -1.838805519357783069e+01 -2.181874323125826409e-01 3.303410197790608294e-01 9.182968229457008080e-01 1.290465956156841401e+02
9.608091015253076295e-01 -8.324052610229128180e-02 2.644180123220649659e-01 -1.505562496481868529e+01 1.640372737788758084e-01 9.396497063120333726e-01 -3.002502327041406405e-01 -1.879190189702492475e+01 -2.234673202894118249e-01 3.318575661965697532e-01 9.164785390399244891e-01 1.302896569188654041e+02
9.620799215548886396e-01 -7.267619910318888488e-02 2.629075781046642524e-01 -1.460629400065155536e+01 1.543628814655696735e-01 9.397258323247745793e-01 -3.051023777146665839e-01 -1.916321856829951287e+01 -2.248873615092488176e-01 3.341160429333057680e-01 9.153098625536564281e-01 1.316519610884721203e+02
9.633137832696430092e-01 -6.424604383723181433e-02 2.605743671468835898e-01 -1.416264604093158752e+01 1.471720705104941906e-01 9.383755196298679824e-01 -3.127167501446259656e-01 -1.949468497083401175e+01 -2.244257931352524604e-01 3.395936248085748566e-01 9.134052952359000832e-01 1.329686943743846541e+02
9.637842702875951684e-01 -5.579150553348413699e-02 2.607818786965871993e-01 -1.380925043996839285e+01 1.391538222437707917e-01 9.394029416909011054e-01 -3.133022931569722780e-01 -1.996737306554938485e+01 -2.274996573649330778e-01 3.382446171822632852e-01 9.131453799073060429e-01 1.341656610625229291e+02
9.634248205555742128e-01 -5.637830363164360314e-02 2.619811100386506553e-01 -1.323827806360782589e+01 1.425134718328068817e-01 9.357023291006322241e-01 -3.227244361088855151e-01 -2.055121788306581365e+01 -2.269416785952364235e-01 3.482565694933215661e-01 9.095135162938021711e-01 1.360233643753385024e+02
9.644632345573279641e-01 -5.091741741419457401e-02 2.592645093164332448e-01 -1.282049936241680577e+01 1.356682655714567531e-01 9.374564650051964154e-01 -3.205768206480003601e-01 -2.109737375024127459e+01 -2.267262466148403099e-01 3.443585236694691187e-01 9.110501722035548866e-01 1.373164110208736588e+02
9.640991715748042923e-01 -5.389584467705545862e-02 2.600154328022248329e-01 -1.247471510080031365e+01 1.394770432835073237e-01 9.360150801304655266e-01 -3.231438134410670737e-01 -2.151427481085450921e+01 -2.259622573919607136e-01 3.478088666133907214e-01 9.099285963961316615e-01 1.385432475951538436e+02
9.650642690868367346e-01 -4.527094572091115016e-02 2.580726603215261483e-01 -1.213575439736142414e+01 1.321014496715621767e-01 9.346803438593704882e-01 -3.300331222734882441e-01 -2.187111047779676198e+01 -2.262745313254803936e-01 3.525949464703798109e-01 9.080069604342141387e-01 1.397850624508535589e+02
9.653044472529208608e-01 -5.017819041650189993e-02 2.562605574805926212e-01 -1.180707536704863081e+01 1.357968488386393779e-01 9.346869896168376046e-01 -3.285109545913137974e-01 -2.233635272727111598e+01 -2.230393237956776742e-01 3.519124616257940930e-01 9.090715480055666653e-01 1.410220878516602454e+02
9.633209581399406751e-01 -6.674595064031836611e-02 2.599186597408367216e-01 -1.164855714460978398e+01 1.529192059835937922e-01 9.324637322749407264e-01 -3.273027718080351312e-01 -2.283084261823766070e+01 -2.205185888983021425e-01 3.550441748078626003e-01 9.084685937803805844e-01 1.422783587466260826e+02
9.662904889505452566e-01 -6.858994855670028090e-02 2.481493701799626361e-01 -1.096688002170509613e+01 1.513765416273183395e-01 9.310104264061752621e-01 -3.321215569154353786e-01 -2.325216869817859333e+01 -2.082494504402696012e-01 3.584898950876714285e-01 9.100094293529892298e-01 1.434803004141909923e+02
9.651474508282600340e-01 -6.560305947728758968e-02 2.533508175375353000e-01 -1.075772746197435481e+01 1.510069092980239058e-01 9.302610175144843119e-01 -3.343820459252602184e-01 -2.369673648002759236e+01 -2.137459040636217611e-01 3.609857031519729254e-01 9.077455649111693115e-01 1.446127137812488286e+02
9.641448611099041610e-01 -5.935759462097373040e-02 2.586529774740329857e-01 -1.050451085303093279e+01 1.473804243957953508e-01 9.303042447537964721e-01 -3.358764991748789397e-01 -2.415770609850983419e+01 -2.206891417815662892e-01 3.619539862384025808e-01 9.056962043344577440e-01 1.458485151953989316e+02
9.636832093919568409e-01 -5.774075847829215208e-02 2.607310429281023967e-01 -1.019605025325720149e+01 1.468871810094362351e-01 9.299927597059972628e-01 -3.369534432967146720e-01 -2.466619708453883320e+01 -2.230220347659038760e-01 3.630144235492068217e-01 9.046997846269838606e-01 1.471540051325932552e+02
9.617781399784636198e-01 -6.830031562075884743e-02 2.651751804858021311e-01 -9.927947300001855879e+00 1.582953737823207807e-01 9.288675240083301698e-01 -3.348846032318259502e-01 -2.509350072287228528e+01 -2.234398892290423433e-01 3.640606951165245575e-01 9.041761035177739991e-01 1.483453094078189736e+02
9.607586515964835483e-01 -7.206344445670952170e-02 2.678612949934113252e-01 -9.604376113919977698e+00 1.636443034872981095e-01 9.269660679929611069e-01 -3.375714009299572993e-01 -2.557230979930944059e+01 -2.239717734864550558e-01 3.681586190254029778e-01 9.023834417356284554e-01 1.495719990468531364e+02
9.603534834337764670e-01 -7.943152814436489628e-02 2.672298995121382137e-01 -9.245298203448230723e+00 1.713747754994042194e-01 9.242551980720594695e-01 -3.411495495516524978e-01 -2.598673648986671481e+01 -2.198905936577178200e-01 3.734206223194135310e-01 9.012242593535949586e-01 1.508485115129878409e+02
9.608939521160472230e-01 -7.610350723390538197e-02 2.662537679987057593e-01 -8.883521405738484589e+00 1.675581609249967574e-01 9.252933121195799915e-01 -3.402301416015328650e-01 -2.647312874323490917e+01 -2.204701238132752983e-01 3.715380770977123048e-01 9.018605112611878249e-01 1.520369913277656337e+02
9.602087462110884264e-01 -7.632580740251501683e-02 2.686513257441521807e-01 -8.535162825795993058e+00 1.695018382467379237e-01 9.237747624775232147e-01 -3.433792583144200661e-01 -2.690650073717973711e+01 -2.219646154924506121e-01 3.752526606620388838e-01 8.999539711203828896e-01 1.532935968385690444e+02
9.595555714705628070e-01 -8.372721934105341324e-02 2.687803155017560175e-01 -8.176578575509184432e+00 1.773447534418705895e-01 9.212666546923174993e-01 -3.461453298524438948e-01 -2.734534088081002778e+01 -2.186365561530110857e-01 3.798124585811142873e-01 8.988551343904750413e-01 1.545030045093285480e+02
9.608792074654702864e-01 -8.145279133312988140e-02 2.647198357595788587e-01 -7.809202545932302009e+00 1.754095959141511452e-01 9.186320251801034509e-01 -3.540433249967075424e-01 -2.780723650626530841e+01 -2.143423017553216514e-01 3.866272689523232997e-01 8.969820135212838164e-01 1.556724914766002144e+02
9.521567044229177768e-01 -1.052458547544454642e-01 2.869162251938718877e-01 -7.648157293193642126e+00 2.077637755164671307e-01 9.114269349871244597e-01 -3.551551150738325724e-01 -2.818764579895801958e+01 -2.241245720701669497e-01 3.977741221308534469e-01 8.896875428808651565e-01 1.569011114847740487e+02
9.487978898554467744e-01 -1.168108472006813281e-01 2.934924022562027113e-01 -7.348550440126269123e+00 2.197730684979121718e-01 9.114823216257904592e-01 -3.477064505105695313e-01 -2.872676087963230529e+01 -2.268972511267322578e-01 3.944048723582239124e-01 8.904843817222309887e-01 1.580526240610924447e+02
9.542563107918298204e-01 -1.115988687785911260e-01 2.773816608957984653e-01 -7.028273678860855078e+00 2.098695214154793487e-01 9.107851336934742470e-01 -3.555632492592373795e-01 -2.901731931485337057e+01 -2.129546367065261459e-01 3.975124309129067224e-01 8.925436627834525405e-01 1.589838242862468007e+02
9.547248298715197423e-01 -1.165232236406490984e-01 2.737203638372462944e-01 -6.646083713958594430e+00 2.127237686935410932e-01 9.106054975080423164e-01 -3.543250289507312023e-01 -2.969810811110860982e+01 -2.079641735001919456e-01 3.965097303478337110e-01 8.941649379615980164e-01 1.602472348389188710e+02
9.548448968611965570e-01 -1.089817641183061514e-01 2.763950036230717333e-01 -6.308433462884751819e+00 2.077218679951219615e-01 9.100122136266021178e-01 -3.587887910833030825e-01 -3.016735319932571358e+01 -2.124213936842308248e-01 4.000009326739923932e-01 8.915584138827827854e-01 1.613916016115825300e+02
9.521212466763495641e-01 -1.244495277465193783e-01 2.792444210206332378e-01 -6.029250803687164151e+00 2.243025397902629059e-01 9.050055246027833844e-01 -3.614600546147080373e-01 -3.036332988012767942e+01 -2.077342106421468104e-01 4.067890306806459244e-01 8.895893334830307086e-01 1.620785970757256109e+02
9.452198030468051959e-01 -1.099489280867064350e-01 3.073609557844784179e-01 -6.392352108479808948e+00 2.233323614179359706e-01 9.045327060471608505e-01 -3.632399207610283454e-01 -3.100658308119018258e+01 -2.380801971430002717e-01 4.119852144234971147e-01 8.795373800042689538e-01 1.637537491107204346e+02
9.347621145738197468e-01 -1.026528548852860545e-01 3.401208322661029571e-01 -6.428028855350181203e+00 2.295727605829162854e-01 9.051573331543394385e-01 -3.577520787294622417e-01 -3.181588116310227932e+01 -2.711385932614947536e-01 4.124955680014187331e-01 8.696730820390871086e-01 1.655656198823116938e+02
9.338251354164447404e-01 -7.996000101959786777e-02 3.486789564935188213e-01 -6.196603914431572768e+00 2.141205797784462017e-01 9.057501703308949992e-01 -3.657444548600637391e-01 -3.221575245805645693e+01 -2.865710972512798271e-01 4.162007054084475577e-01 8.629333572401221009e-01 1.669515597686412889e+02
9.514244230107506972e-01 -3.222865296767252197e-02 3.061909228350100376e-01 -5.083126651492131387e+00 1.560901940358494222e-01 9.077143401547592694e-01 -3.894746821081560562e-01 -3.230593076699472732e+01 -2.653816471131988930e-01 4.183491252593791732e-01 8.686521690355685221e-01 1.679141666631668954e+02
9.536669553526474497e-01 -5.829286294664318829e-02 2.951631420043867027e-01 -4.292942190512819778e+00 1.784578275050481833e-01 8.994345789579664130e-01 -3.989614542494963056e-01 -3.281200358727958388e+01 -2.422233309790659261e-01 4.331505284588471061e-01 8.681638541342457938e-01 1.694193436723384991e+02
9.470992763573834461e-01 -7.410547094699126980e-02 3.122680577629609600e-01 -4.524453894820459787e+00 1.980698953552946506e-01 9.005426472212919586e-01 -3.870287548614436690e-01 -3.356498253458580194e+01 -2.525297552314725302e-01 4.284055551826815300e-01 8.675813523879776223e-01 1.702558794458286684e+02
9.505873647055937958e-01 -6.743284580220927638e-02 3.030453322014635686e-01 -4.125220735483062562e+00 1.904703695033321265e-01 8.975036316297593242e-01 -3.977540314725256376e-01 -3.409318648558025444e+01 -2.451625999277655676e-01 4.358211129791657035e-01 8.659995710612449216e-01 1.715783549101450660e+02
9.490862810333343669e-01 -5.770751676067242125e-02 3.096854430928839275e-01 -3.906568804031959719e+00 1.851236329718140561e-01 8.975858332765970227e-01 -4.000861312473391607e-01 -3.464858667898943168e+01 -2.548812893674889946e-01 4.370463527023913941e-01 8.625694255652142095e-01 1.728225556347662177e+02
9.596811934845497216e-01 -6.500436996745041773e-02 2.734710930925073336e-01 -3.079424720752496292e+00 1.754987136794941838e-01 8.985346860451275397e-01 -4.022879807682759323e-01 -3.506614333317111942e+01 -2.195727860389732888e-01 4.340620345744477526e-01 8.737150232038903841e-01 1.736576130109844485e+02
9.621854117579842214e-01 -7.980144489633327065e-02 2.604437804835793013e-01 -2.483268323805345013e+00 1.818700662395774936e-01 8.999991890067373657e-01 -3.961372726634240782e-01 -3.554534905473451545e+01 -2.027868644812346743e-01 4.285244324185752962e-01 8.804795843256151278e-01 1.745848740695421100e+02
9.633069092351209672e-01 -7.161743190644144497e-02 2.586711079092675059e-01 -2.029736256629274482e+00 1.733384862576578811e-01 9.018110964841893340e-01 -3.958415281901043747e-01 -3.603338827533150379e+01 -2.049233217615385738e-01 4.261545373512992119e-01 8.811349173044487060e-01 1.756380963374057842e+02
9.705263539134768580e-01 -9.018017756566600041e-02 2.234863126315337345e-01 -1.066158839256250213e+00 1.749423471669968588e-01 9.014453431616906709e-01 -3.959690246216174270e-01 -3.628709270472435122e+01 -1.657521388311906652e-01 4.233955938201516278e-01 8.906527940822777101e-01 1.760428945786466102e+02
9.706718219252346014e-01 -9.221940251069959960e-02 2.220175576861372624e-01 -6.896454365245794360e-01 1.765505739155060205e-01 9.002599916076549080e-01 -3.979470346172735429e-01 -3.674665850546967505e+01 -1.631750868559621870e-01 4.254733003504992395e-01 8.901383946996134222e-01 1.771869497257399075e+02
9.749093435192045520e-01 -1.014539387352230565e-01 1.981385127481906372e-01 -4.188626185188660256e-01 1.748088034155872716e-01 9.000082939318848618e-01 -3.992830488540919376e-01 -3.732674443941613163e+01 -1.378174668442417594e-01 4.239011313607441434e-01 8.951615366310811117e-01 1.783093205429303794e+02
9.762052499892523993e-01 -1.042091920207717654e-01 1.901677001801304612e-01 5.146154426065741028e-02 1.741814135989162293e-01 8.991883597693905994e-01 -4.013989646373141151e-01 -3.780752563848727021e+01 -1.291671206232575531e-01 4.249714554574263170e-01 8.959437019122881152e-01 1.795075760105678739e+02
9.790641024765739386e-01 -9.610608857744394606e-02 1.794355120372939927e-01 4.945208199310176522e-01 1.627209795838505946e-01 8.991429177695587915e-01 -4.062805634387501308e-01 -3.829461220553171330e+01 -1.222921340275465035e-01 4.269726374876750552e-01 8.959570306615204371e-01 1.808059950344933497e+02
9.775920470271313167e-01 -1.060702172382109870e-01 1.818320615412551133e-01 5.082524573571260973e-01 1.728317383847020050e-01 8.975512396565256124e-01 -4.056241639719537773e-01 -3.891843529014629155e+01 -1.201789490560800228e-01 4.279613080712599826e-01 8.957712537236910411e-01 1.820400144190238620e+02
9.782983993571005010e-01 -1.062235774171008812e-01 1.779010776135115102e-01 7.232096357797708208e-01 1.717543360506702255e-01 8.959949274405534236e-01 -4.095040146916525403e-01 -3.947498796196449433e+01 -1.158994817206997624e-01 4.311724035713574432e-01 8.947947633593822392e-01 1.833705514905233542e+02
9.788548500311526901e-01 -1.025277921391840596e-01 1.770063117788526763e-01 1.050490401998461332e+00 1.685188768476164611e-01 8.946866181555916953e-01 -4.136873740390417109e-01 -4.007313285902857558e+01 -1.159507253815337258e-01 4.347687973306786913e-01 8.930462038165398742e-01 1.846080403068301905e+02
9.774412688233219404e-01 -9.754806386022282783e-02 1.873311005630815540e-01 9.313070991346199534e-01 1.690817293274552158e-01 8.929225807370974044e-01 -4.172536801724192612e-01 -4.076284134818812532e+01 -1.265698811277330693e-01 4.395152330089509007e-01 8.892729756067031532e-01 1.860249650283900280e+02
9.787652263336708014e-01 -8.520063641518975384e-02 1.864389532110802272e-01 1.325387275272918552e+00 1.570906761596553569e-01 8.960638802280117554e-01 -4.152012066629989784e-01 -4.138009366835779446e+01 -1.316858047919247376e-01 4.356723242359501480e-01 8.904203921245004150e-01 1.872116931453180655e+02
9.793654530884779996e-01 -7.462319650583942865e-02 1.878155686838806904e-01 1.550137138724289931e+00 1.474010053098116224e-01 8.995410466680524575e-01 -4.112163043861343792e-01 -4.199669849690626222e+01 -1.382615381458396908e-01 4.304152458993337205e-01 8.919789589261413187e-01 1.884763124499260130e+02
9.785538201824843796e-01 -7.298299246996610423e-02 1.926289277766777830e-01 1.698328244780245466e+00 1.479293621867941444e-01 8.997415696835469046e-01 -4.105873982313427706e-01 -4.257765362504824225e+01 -1.433503568508633919e-01 4.302773414827973930e-01 8.912418777173938267e-01 1.897469826100990531e+02
9.777694726096557432e-01 -7.845249365488951576e-02 1.944532454652356246e-01 1.933696696838854479e+00 1.542264867078641799e-01 8.973692588255292035e-01 -4.134520578164503357e-01 -4.316993822753288157e+01 -1.420600198169089390e-01 4.342506413976127688e-01 8.895197194078278136e-01 1.910790771003416637e+02
9.774687410231656104e-01 -8.111712783130833881e-02 1.948714240082024263e-01 2.193956407105796202e+00 1.568108248787296322e-01 8.970616619907005873e-01 -4.131473584416612832e-01 -4.379936550071996493e+01 -1.412983564074107301e-01 4.343965770570359930e-01 8.895697770932277093e-01 1.923378160275238429e+02
9.767078002505351630e-01 -8.095758058362700904e-02 1.987152311117692804e-01 2.344581574587246919e+00 1.583232116566029302e-01 8.969830315807191257e-01 -4.127410831344371367e-01 -4.446502496012715966e+01 -1.448296709258662940e-01 4.345886689759587695e-01 8.889077878032167757e-01 1.936853383905595649e+02
9.762977737026433678e-01 -8.576157599769411444e-02 1.987148941213314202e-01 2.641470614884439350e+00 1.625357236815392625e-01 8.967965742930703588e-01 -4.115070386561078819e-01 -4.510676033565796672e+01 -1.429153441397262858e-01 4.340516748252366552e-01 8.894798187653444321e-01 1.949537520179170826e+02
9.738235535576185153e-01 -8.091166820731880704e-02 2.124170155244604619e-01 2.531969805470215107e+00 1.642259206830808393e-01 8.965420497843746839e-01 -4.113905686135903572e-01 -4.576116294773044046e+01 -1.571544893160942147e-01 4.355062053706324487e-01 8.863615580402102179e-01 1.963566902664450708e+02
9.697983076491165644e-01 -8.506609823475719256e-02 2.285935288060921833e-01 2.737072852859791627e+00 1.747074209900962571e-01 8.962629801704199428e-01 -4.076640619762963991e-01 -4.655730005475577826e+01 -1.702015262325634049e-01 4.352889032667144331e-01 8.840560000141198804e-01 1.979483402104862364e+02
9.643368151997889770e-01 -9.474014653329911051e-02 2.471412783918836009e-01 2.538470464914988511e+00 1.927489192974375931e-01 8.912886868492422288e-01 -4.104294468044542565e-01 -4.737006128075326927e+01 -1.813900795523084308e-01 4.434284399194412529e-01 8.777635545581832233e-01 1.997447270373390609e+02
9.674458004039879766e-01 -9.017019977971080236e-02 2.364697831697980535e-01 3.179623763037132456e+00 1.837956322446505641e-01 8.926582827802357345e-01 -4.115584475522479635e-01 -4.786070396791952675e+01 -1.739764031369510910e-01 4.416226050096554445e-01 8.801713957497220298e-01 2.007513943637617899e+02
9.660323945051172423e-01 -1.093650260179212241e-01 2.341382152721045995e-01 3.484718638681223890e+00 2.009267366512969000e-01 8.876422212179679860e-01 -4.143907981723044531e-01 -4.840399502019295852e+01 -1.625111050524386813e-01 4.473595625392606800e-01 8.794654982086084205e-01 2.019327390967274880e+02
9.659470027654909474e-01 -1.109001405519701722e-01 2.337681472611603251e-01 3.942607729980126763e+00 2.025565144724560673e-01 8.862694945686855341e-01 -4.165300006502811181e-01 -4.903294986202573824e+01 -1.609883421031764461e-01 4.496971667939511641e-01 8.785529078458297336e-01 2.032742443022145551e+02
9.667456490749479769e-01 -1.021312955643963599e-01 2.344611875364291942e-01 4.315402900673015019e+00 1.949146478681299532e-01 8.877749041239787475e-01 -4.169700224885365958e-01 -4.966900651155237512e+01 -1.655630696776760336e-01 4.488038748428826441e-01 8.781594114310444787e-01 2.045912205196650291e+02
9.662550375703014005e-01 -1.090505158498053101e-01 2.333649231630668397e-01 4.601305004188390946e+00 2.003939759180479174e-01 8.874644178739041767e-01 -4.150291091278733302e-01 -5.026719194469705343e+01 -1.618439272440180265e-01 4.477888922255786608e-01 8.793700308821199574e-01 2.057480344923663438e+02
9.695312125054784680e-01 -1.030232359356716004e-01 2.222508511457202407e-01 5.203348206782448138e+00 1.906964987138351775e-01 8.869013489325193733e-01 -4.207622162694141243e-01 -5.078717581558780836e+01 -1.537662946029980382e-01 4.503245608658362209e-01 8.795247105823998934e-01 2.069873914563061419e+02
9.766118331793828267e-01 -1.007478027984624186e-01 1.899452750801783052e-01 6.086980291124042708e+00 1.741935460865268737e-01 8.886081340436244869e-01 -4.243020063743460635e-01 -5.127683143293567980e+01 -1.260394215942035878e-01 4.474656012955374740e-01 8.853748357963534543e-01 2.079974711533491529e+02
9.743463347384411222e-01 -9.994398002292136096e-02 2.016442928499100062e-01 6.131113395343248840e+00 1.800888387859546358e-01 8.835918181591699838e-01 -4.322424192821493483e-01 -5.180751842465644330e+01 -1.349712196228757544e-01 4.574677034931942110e-01 8.789232447342456567e-01 2.092340871598114802e+02
9.748629021885258927e-01 -1.070675302511188282e-01 1.953941296520632087e-01 6.552153378902390912e+00 1.834599963261036026e-01 8.833730659818890274e-01 -4.312707456410301288e-01 -5.243764313449766945e+01 -1.264308177802601352e-01 4.562768570327339623e-01 8.808102395248045280e-01 2.104504479102444634e+02
9.750791883676251937e-01 -1.117192072745924331e-01 1.916752335025737053e-01 6.914132031064554873e+00 1.857792682166252152e-01 8.834214562820187355e-01 -4.301773983851764904e-01 -5.306539506360174840e+01 -1.212709359789991004e-01 4.550663130868737305e-01 8.821609891512404156e-01 2.116552535729002216e+02
9.758813116678771715e-01 -1.042101205614870546e-01 1.918226167842042862e-01 7.196074639612078272e+00 1.793258183028483277e-01 8.837766320930907638e-01 -4.321818083355597473e-01 -5.372252013039423701e+01 -1.244906278696952945e-01 4.561568977213228959e-01 8.811486640935602965e-01 2.130169716194589000e+02
9.739638065824579582e-01 -1.256342514801258026e-01 1.887075470733292903e-01 7.537039499669461406e+00 1.962851162293241802e-01 8.838185856090615689e-01 -4.246608774997121527e-01 -5.435234604660797686e+01 -1.134312858705333743e-01 4.506448075669061692e-01 8.854674476222949009e-01 2.141771013667598993e+02
9.736726455055221274e-01 -1.136857258362230644e-01 1.975781747444900205e-01 7.660533041180356939e+00 1.894437734440302945e-01 8.856271501203833996e-01 -4.239995373498918196e-01 -5.502957784961577659e+01 -1.267779006671024278e-01 4.502667061983678387e-01 8.838479830783758651e-01 2.153831730004365852e+02
9.735984958853332039e-01 -1.125358206109629000e-01 1.985992393974081727e-01 7.967108285756744124e+00 1.892533780181688552e-01 8.843993816128481456e-01 -4.266390660869115448e-01 -5.543650222348614420e+01 -1.276288671050621604e-01 4.529607299559403333e-01 8.823476918988668594e-01 2.163180217953788258e+02
9.734106754502229730e-01 -1.130182279586847000e-01 1.992449172968117910e-01 8.169706809260723901e+00 1.900936528710593931e-01 8.838831208738695544e-01 -4.273348005632048308e-01 -5.605763281475567794e+01 -1.278125974138284437e-01 4.538474510045604760e-01 8.818653135025729117e-01 2.175740986869766687e+02
9.734910431467191927e-01 -1.161934014979683211e-01 1.970134065525456779e-01 8.676186446927649953e+00 1.911853907461046609e-01 8.861871728582924046e-01 -4.220431743633276112e-01 -5.647422710828255532e+01 -1.255521217597044825e-01 4.485213351778797874e-01 8.849097561965770797e-01 2.182497685109449321e+02
9.526523061002194481e-01 -1.515289928147705578e-01 2.636143926618371158e-01 6.242310280506676357e+00 2.521853039890483150e-01 8.781110079676925917e-01 -4.066000862492549217e-01 -5.715358078627514971e+01 -1.698709985073268147e-01 4.538281855752161476e-01 8.747478618685660123e-01 2.194165510309689182e+02
9.533813635261767505e-01 -1.435644398152637613e-01 2.654302682466543328e-01 6.728900298934939350e+00 2.453502637554163812e-01 8.808656609528323633e-01 -4.048196332062763969e-01 -5.769212774899235541e+01 -1.756907048084956346e-01 4.510708802113561067e-01 8.750244780971800918e-01 2.205053502834233825e+02
9.596559345182515965e-01 -1.747844876101005973e-01 2.202518336694823942e-01 7.736842735608057353e+00 2.525849736743012164e-01 8.800352361367748122e-01 -4.021676444365344660e-01 -5.882043201804903276e+01 -1.235367087866778291e-01 4.415748702638711554e-01 8.886789721455081725e-01 2.225142488677209940e+02
9.603325630365316945e-01 -1.862495638425664679e-01 2.075390766581869939e-01 8.504040183427843402e+00 2.567701382422371004e-01 8.808987864817321434e-01 -3.976008351123787032e-01 -5.930750180054812404e+01 -1.087679386526133191e-01 4.351188664531269734e-01 8.937791156531923464e-01 2.235028907810403211e+02
9.620063238899497771e-01 -1.846068371052860257e-01 2.011570244602962632e-01 9.012415348152281069e+00 2.524925458077511009e-01 8.818619511512808540e-01 -3.982047380722189556e-01 -5.998949487880925346e+01 -1.038814088624893661e-01 4.338661254415102642e-01 8.949686240797001258e-01 2.249311449688059668e+02
9.628224550828058392e-01 -1.797859866948183782e-01 2.016182506036627020e-01 9.349953974150368552e+00 2.475377415368716638e-01 8.860238298671463397e-01 -3.920291308338782477e-01 -6.082312527309706240e+01 -1.081572304708883353e-01 4.273625766205010890e-01 8.975874562409773549e-01 2.263738909384552755e+02
9.638282851069019941e-01 -1.776320025927108359e-01 1.987005497797700582e-01 9.721227276658925831e+00 2.447151628423663572e-01 8.851679758032406919e-01 -3.957172521983524094e-01 -6.154156969466608018e+01 -1.055913154710697577e-01 4.300285179697801996e-01 8.966191765904842903e-01 2.280348217739577308e+02
9.641915095486051079e-01 -1.731541759133998493e-01 2.008789791842980621e-01 1.003320666626230739e+01 2.412171685603085869e-01 8.873782599614921107e-01 -3.929046975278458476e-01 -6.217732151165513699e+01 -1.102225498984634317e-01 4.272908320002357097e-01 8.973703440511172635e-01 2.292842400341821758e+02
9.647787785914313519e-01 -1.528397981299857433e-01 2.141072266113483447e-01 1.014459711038655421e+01 2.288309117549852667e-01 8.890756087815252506e-01 -3.964605600751823222e-01 -6.287927132282771225e+01 -1.297625608756148852e-01 4.314910867878178902e-01 8.927357502742130357e-01 2.309262116077635767e+02
9.679615491126831728e-01 -1.305693996528179690e-01 2.144809346158074725e-01 1.062019218307005453e+01 2.103082388169585371e-01 8.882495442148261588e-01 -4.083909791949952295e-01 -6.342354336211548116e+01 -1.371892274381424082e-01 4.404138724841011876e-01 8.872512253011970440e-01 2.326235797196927706e+02
9.683648777195580371e-01 -1.264800506569045413e-01 2.151098797940353413e-01 1.098296895823951402e+01 2.087308071465871495e-01 8.829634305460298815e-01 -4.204842808789698294e-01 -6.396210350256284727e+01 -1.367512842612798596e-01 4.520822680709769004e-01 8.814310575131124592e-01 2.341325220931263402e+02
9.671826551682337625e-01 -1.360075267494645912e-01 2.146151537268750908e-01 1.132034744995362274e+01 2.169852379195133796e-01 8.815965836348824691e-01 -4.191716477152277465e-01 -6.462191831152135535e+01 -1.321934872326407384e-01 4.519838674010193680e-01 8.821765500978145935e-01 2.354258715694582520e+02
9.670342762977941486e-01 -1.356120607996710303e-01 2.155320798184333086e-01 1.157477606852302188e+01 2.174604210632600787e-01 8.801893238153669641e-01 -4.218740564581096586e-01 -6.526544007765524213e+01 -1.324978254017040169e-01 4.548363697057424271e-01 8.806635016035986308e-01 2.368651443444686322e+02
9.673600057665778795e-01 -1.345451279595750449e-01 2.147375788855311052e-01 1.194920303050127686e+01 2.162757377805971104e-01 8.799704055702245453e-01 -4.229384004415016052e-01 -6.592993388222730289e+01 -1.320584131766476266e-01 4.555762217926885294e-01 8.803470234210798440e-01 2.381546067366614352e+02
9.674641235408070195e-01 -1.376036582190968971e-01 2.123167513554506669e-01 1.228492103553297810e+01 2.174414324778158603e-01 8.812437788075909717e-01 -4.196768110759708792e-01 -6.663360865324946758e+01 -1.293537517948492588e-01 4.521887167517832373e-01 8.824924766472302951e-01 2.394393557013281679e+02
9.696474625402999870e-01 -1.331232584156607501e-01 2.050902154125033294e-01 1.266519051368030269e+01 2.107385435487090231e-01 8.803630069595673735e-01 -4.249120405920032706e-01 -6.720981380332463573e+01 -1.239881633548804707e-01 4.552352952549816867e-01 8.816959574036749014e-01 2.407044077297286719e+02
9.693254665675586912e-01 -1.157539503751587873e-01 2.168159653626159922e-01 1.284675965584114010e+01 1.984021415913375941e-01 8.891918893661265866e-01 -4.122794854191172975e-01 -6.805491414933611338e+01 -1.450680187896234152e-01 4.426497564192576895e-01 8.848821746800054067e-01 2.416742335406537450e+02
9.585265200737581592e-01 -1.288219827393710382e-01 2.542278644806301169e-01 1.201276997280406178e+01 2.206470334459824101e-01 9.000266008787494165e-01 -3.758550310187634413e-01 -6.948907105047204880e+01 -1.803934503987589533e-01 4.163616390515907928e-01 8.911235540481986517e-01 2.427072531775350228e+02
9.571459472279508773e-01 -1.300686158145476501e-01 2.587543060225067082e-01 1.227813927839646269e+01 2.236744161585397517e-01 8.995506817136024180e-01 -3.752043797515063894e-01 -7.008308844690209582e+01 -1.839602980570406998e-01 4.170020697894262218e-01 8.900943110311900774e-01 2.440382655900338591e+02
9.582176674840769959e-01 -2.829995530914934387e-01 4.159512797649848881e-02 1.640829587270780365e+01 2.817134611109631814e-01 9.084959819367194322e-01 -3.086625611143994363e-01 -7.455240389612416152e+01 4.956236021666107772e-02 3.074838268183152090e-01 9.502616843243281153e-01 2.520295011785987640e+02
9.564432988955624548e-01 -2.872305912591379684e-01 5.210377570475416970e-02 1.601796746358233392e+01 2.886705841212879320e-01 9.040655324371771329e-01 -3.151742485072978606e-01 -7.544876534485239006e+01 4.342245802390251597e-02 3.164871253368669035e-01 9.476024428182734383e-01 2.547030883543251036e+02
9.578036295055848415e-01 -2.820603710159200195e-01 5.526440453204185810e-02 1.602507032177101820e+01 2.846951282036153108e-01 9.045806137732610441e-01 -3.173052113702190535e-01 -7.597058772197763687e+01 3.950811667296335455e-02 3.196495898447799244e-01 9.467118085399642835e-01 2.562099779669463260e+02
9.659445567270215083e-01 -2.513680338054786190e-01 6.136142852147746102e-02 1.608730279940045094e+01 2.573742684807449610e-01 9.089895131265199879e-01 -3.278666664209635151e-01 -7.639446732710470656e+01 2.663830425211137845e-02 3.324938745402140627e-01 9.427291361466446640e-01 2.576645289821360620e+02
9.655207762685998896e-01 -2.526202451782673108e-01 6.287004310276328445e-02 1.618146155232850347e+01 2.589726722239016898e-01 9.074766558183803289e-01 -3.307858433879564131e-01 -7.682019245809242136e+01 2.651010439211502062e-02 3.356622273517589350e-01 9.416093051230780553e-01 2.590324780389586294e+02
9.628416374904150699e-01 -2.633466414050000814e-01 5.987092429111728203e-02 1.622670115633481558e+01 2.677799841243488355e-01 9.021466958079652487e-01 -3.382679697297900079e-01 -7.723975851861936803e+01 3.506937719903077677e-02 3.417307210413758067e-01 9.391433613029503968e-01 2.607479115548716777e+02
9.630784672190306761e-01 -2.628089014053209826e-01 5.840674037438815802e-02 1.636072467281553600e+01 2.667777528071657023e-01 9.024489477033152962e-01 -3.382536435817328213e-01 -7.764542100317565598e+01 3.618696707641751859e-02 3.413464195378195232e-01 9.392407174321776298e-01 2.618458605691571393e+02
9.623029519177275226e-01 -2.642364397051873981e-01 6.443704417759088532e-02 1.644842145248888343e+01 2.703192358874649259e-01 9.030571148018632366e-01 -3.337893918550017269e-01 -7.818071434985111523e+01 3.000898931375246478e-02 3.386250896458257720e-01 9.404427197988796117e-01 2.630510299557704457e+02
9.635777358871694398e-01 -2.583407611960017447e-01 6.912306422038283493e-02 1.660631221619565778e+01 2.662058305647878043e-01 9.018916377301159359e-01 -3.401851401307529055e-01 -7.852085419765249696e+01 2.554217445430468150e-02 3.461957898316220250e-01 9.378145192024890386e-01 2.642666225054630331e+02
9.637420095313163904e-01 -2.577309483653844047e-01 6.910931427245081693e-02 1.661188495088440575e+01 2.657183530385899828e-01 9.032816544285411364e-01 -3.368620038402609929e-01 -7.901992585739769481e+01 2.439458798557533892e-02 3.430116776838622594e-01 9.390143199384701767e-01 2.654700324300966372e+02
9.595897846669798614e-01 -2.581912923979059471e-01 1.119138136811875101e-01 1.529207186965986942e+01 2.810020242421880088e-01 9.003987517179992128e-01 -3.321444719944025570e-01 -7.975482961259460524e+01 -1.501024765148512539e-02 3.501704505445145665e-01 9.365657200810220129e-01 2.668886193195367014e+02
9.613737706724403420e-01 -2.584881829467665648e-01 9.457448038409466129e-02 1.605419976573542229e+01 2.752420551231905543e-01 9.009414569572162801e-01 -3.354792128096020787e-01 -8.022522335072152089e+01 1.511341987349917567e-03 3.485517901441168021e-01 9.372883043294202299e-01 2.683835388003520848e+02
9.607462936410541277e-01 -2.602996999834271685e-01 9.597200343591762162e-02 1.619984061359016536e+01 2.774222707138314092e-01 8.990947615544241378e-01 -3.386229369923945964e-01 -8.070476758576228349e+01 1.855523361512714711e-03 3.519555027754409093e-01 9.360148936310430656e-01 2.697819711972078949e+02
9.604642504103871881e-01 -2.611885833488064024e-01 9.637918661124465769e-02 1.622418254029996376e+01 2.783992394068247056e-01 8.991811594149444753e-01 -3.375901450736938925e-01 -8.120075768852157694e+01 1.512342983750043952e-03 3.510751578813597340e-01 9.363460612066831779e-01 2.710786293485875831e+02
9.594426600141674477e-01 -2.592296530344978533e-01 1.107689899409607659e-01 1.611493807225410180e+01 2.815984662491069490e-01 8.996013754704144105e-01 -3.337958493718410913e-01 -8.182118725477036492e+01 -1.311815349333695507e-02 3.514503552983463397e-01 9.361146093345533714e-01 2.723583994178047192e+02
9.603631100000161736e-01 -2.529121222037133410e-01 1.172098775423775080e-01 1.623490592445062219e+01 2.781618406187724157e-01 8.968415944874627010e-01 -3.439493346711723909e-01 -8.217731325862236247e+01 -1.812973730254273039e-02 3.629195680031338522e-01 9.316440842863497052e-01 2.739883184447079998e+02
9.630414689345490054e-01 -2.437562577365749716e-01 1.146037343485570570e-01 1.658746171585092100e+01 2.687867793679653006e-01 8.972678180400357473e-01 -3.502343928666212247e-01 -8.261750808635125054e+01 -1.745841772235874959e-02 3.680942128367632460e-01 9.296245769807872650e-01 2.755435544407794737e+02
9.600906561300277531e-01 -2.556007527064237395e-01 1.135525747295495075e-01 1.689052100969738035e+01 2.794772935079884446e-01 8.925320370852996010e-01 -3.539477435862484755e-01 -8.301228348810755620e+01 -1.088000116025812300e-02 3.715572876317445594e-01 9.283462756873029909e-01 2.769089097087989444e+02
9.610168600702696518e-01 -2.577581190656906274e-01 1.000367268376217700e-01 1.762308880754244811e+01 2.764845804940104790e-01 8.936755525036492731e-01 -3.534123421816650068e-01 -8.357324820058289561e+01 1.694523448080134708e-03 3.672938318471993813e-01 9.301034188074344122e-01 2.784531270672190999e+02
9.591468410859693705e-01 -2.626783539505319065e-01 1.050591243092822841e-01 1.754460184105707654e+01 2.829086153887823696e-01 8.908604459594435809e-01 -3.554298540693027197e-01 -8.417274220946084995e+01 -2.292893224714818155e-04 3.706315531505181560e-01 9.287799519991986053e-01 2.801927753827687866e+02
9.550690225259902411e-01 -2.703730656002962807e-01 1.214148574480699294e-01 1.713220367500913000e+01 2.961859953891284869e-01 8.856240397400512165e-01 -3.576924885566453716e-01 -8.467141596952842519e+01 -1.081750186436102740e-02 3.775823958189723495e-01 9.259128015212946261e-01 2.819508650457191834e+02
9.569269525399196619e-01 -2.657900059345932320e-01 1.168181503360613133e-01 1.753721028128552106e+01 2.902405670471138732e-01 8.856992866023746247e-01 -3.623495369835545987e-01 -8.521082497009946621e+01 -7.156866829600307296e-03 3.806474043748597214e-01 9.246925612331148292e-01 2.835339397926348965e+02
9.577487691487287513e-01 -2.616105666605156310e-01 1.194872654538795681e-01 1.771723764845793525e+01 2.874279615398128152e-01 8.852639265457475926e-01 -3.656404617679150926e-01 -8.577597967963392023e+01 -1.012235739079656548e-02 3.845356833485709114e-01 9.230546279134801413e-01 2.850322406478643984e+02
9.583149002650903636e-01 -2.687927205778151141e-01 9.686601723139948161e-02 1.809532826860572641e+01 2.854272719231137900e-01 8.854658133224422301e-01 -3.667172833120014852e-01 -8.677157286674432157e+01 1.279938953323375012e-02 3.790788398230431899e-01 9.252758555295735876e-01 2.873611281108076696e+02
9.576836571498352768e-01 -2.729870819059500020e-01 9.121439546792110831e-02 1.825479782382435090e+01 2.872332056119555332e-01 8.861833310649510631e-01 -3.635604342285994051e-01 -8.736424141961431644e+01 1.841462521968968702e-02 3.743756894552368042e-01 9.270942480260172536e-01 2.886535806531487083e+02
9.572827801425353167e-01 -2.731824209778065948e-01 9.476836872749150320e-02 1.825947323924444987e+01 2.886603842763012517e-01 8.837362991457229366e-01 -3.683549051141574715e-01 -8.789323265510836336e+01 1.687783730282751277e-02 3.799756813809387346e-01 9.248424839760889249e-01 2.900327955968430160e+02
9.573463964766247836e-01 -2.704522111893765124e-01 1.017028938427285423e-01 1.819204459177357691e+01 2.888115845729269937e-01 8.850737564407616942e-01 -3.650100194190493696e-01 -8.866164695815767516e+01 8.703204563881650549e-03 3.788140006950626026e-01 9.254319030094606546e-01 2.916650385556712877e+02
9.564281593117038849e-01 -2.707837126459352595e-01 1.091849671030632740e-01 1.801278510229307983e+01 2.919574818565339180e-01 8.838635226410148649e-01 -3.654396012100877833e-01 -8.932687869013363979e+01 2.450482320362923610e-03 3.813940931769685405e-01 9.244092929141863868e-01 2.931027801245492697e+02
9.578522559310407303e-01 -2.655857097367551045e-01 1.094681989959962187e-01 1.813577730870033733e+01 2.872612182397218938e-01 8.852847285239684449e-01 -3.657211259110618728e-01 -8.995701855693492632e+01 2.197799606384404016e-04 3.817527736976514263e-01 9.242644488840352501e-01 2.947409282547405383e+02
9.592752935106706458e-01 -2.617364029374059098e-01 1.062307236038176894e-01 1.818101332435691475e+01 2.824609860502651504e-01 8.853703448488362548e-01 -3.692358918384637256e-01 -9.053732588493136291e+01 2.588941774533292522e-03 3.842049034559869014e-01 9.232442198794718058e-01 2.963015448994349867e+02
9.607310115726894750e-01 -2.591637554785632402e-01 9.914671577389733148e-02 1.851252232333027337e+01 2.773578788929593197e-01 8.862500866513626230e-01 -3.709897450421394405e-01 -9.111736013693159464e+01 8.278310123343297910e-03 3.839204758236829940e-01 9.233290517604268999e-01 2.979170381375759575e+02
9.593220149795458340e-01 -2.638554457012869392e-01 1.004070483051095891e-01 1.861217377172355825e+01 2.821240117535066538e-01 8.829438815263760398e-01 -3.752547722111275186e-01 -9.167325855234285825e+01 1.035922621018445754e-02 3.883174034844380507e-01 9.214674604040129502e-01 2.995156975833145339e+02
9.590132453949514746e-01 -2.672417683162071067e-01 9.420951344877560862e-02 1.880480703967287326e+01 2.828347221317805693e-01 8.825191419569168305e-01 -3.757186234887041065e-01 -9.230397986004145139e+01 1.726601035746281806e-02 3.869648580256835890e-01 9.219327977350024739e-01 3.009436962623182694e+02
9.572777489461078426e-01 -2.748213519100252133e-01 8.995852325935815852e-02 1.907030076380482697e+01 2.881266736198609402e-01 8.800917838422654960e-01 -3.773876945027151986e-01 -9.282814608789817612e+01 2.454243919030176663e-02 3.871842927439973492e-01 9.216756436680486608e-01 3.023418256390534111e+02
9.653614595866735204e-01 -2.577354748045300736e-01 4.061622055234671153e-02 1.990809820823307064e+01 2.520811233963475284e-01 8.811368504890967346e-01 -4.000661919449985393e-01 -9.329511335714737186e+01 6.732280127792214519e-02 3.964470654922583326e-01 9.155858041115875201e-01 3.040683752802989375e+02
9.650608503777694525e-01 -2.599149353104923121e-01 3.319309371940123293e-02 2.019515697477733340e+01 2.506501788399021491e-01 8.788054695694940133e-01 -4.060485617536989666e-01 -9.386907144595042496e+01 7.636781334859163439e-02 4.001814251777152665e-01 9.132484787981194341e-01 3.056448324415873117e+02
9.660635463255652366e-01 -2.565956744768515541e-01 2.966284377175804413e-02 2.030738352844554129e+01 2.463735771344730818e-01 8.808477465236153048e-01 -4.042366979063302668e-01 -9.458893110169012175e+01 7.759693905573813999e-02 3.978264788623572246e-01 9.141732919775937827e-01 3.071671775806610754e+02
9.668889770758045676e-01 -2.538900300080161876e-01 2.579842382430488218e-02 2.033272120858109844e+01 2.425365231867544491e-01 8.827656828624987906e-01 -4.023689651063667716e-01 -9.527547404185848734e+01 7.938350540111439868e-02 3.953031770967930236e-01 9.151140132504830271e-01 3.085276482531307920e+02
9.660200502690817759e-01 -2.584576642343479613e-01 -2.213205058519552692e-03 2.064586315441026443e+01 2.354696711937846743e-01 8.835657350552802436e-01 -4.048031938906795357e-01 -9.572398866418188845e+01 1.065800001219513321e-01 3.905268590439479048e-01 9.144011570089276564e-01 3.097034923783265299e+02
9.660367577129297390e-01 -2.581277918689021678e-01 -1.195933996342052850e-02 2.076005861535468711e+01 2.308917090562309926e-01 8.830362644757154822e-01 -4.085779904863316436e-01 -9.633023926130307757e+01 1.160258653773678095e-01 3.919400447589442837e-01 9.126450568965909227e-01 3.111256247801945278e+02
9.649780232930240675e-01 -2.613936555343805979e-01 -2.215336109596317132e-02 2.084449425579581572e+01 2.304451958986729887e-01 8.850114942755717973e-01 -4.045363601548366828e-01 -9.698122404744168534e+01 1.253492171842139902e-01 3.852635615347982934e-01 9.142535544939489611e-01 3.124830027605033820e+02
9.661489747223357405e-01 -2.568618576990958635e-01 -2.404463978387480841e-02 2.075455721773610307e+01 2.250501339548271751e-01 8.847071487790602040e-01 -4.082226085190799325e-01 -9.765827921710726400e+01 1.261292822855969720e-01 3.889926052749322349e-01 9.125657002054883282e-01 3.139984136595018640e+02
9.679501343108947164e-01 -2.486388064611268489e-01 -3.537345627861657182e-02 2.083777219797609348e+01 2.133616095558962256e-01 8.884341247496300165e-01 -4.064008237541575363e-01 -9.845245379804600816e+01 1.324740014313185721e-01 3.858283943697363161e-01 9.130099063224005329e-01 3.154278877061904041e+02
9.686209787553946571e-01 -2.463392754620870040e-01 -3.302061295225464793e-02 2.065488516755669579e+01 2.117735038181662033e-01 8.875511003200317051e-01 -4.091515946458715303e-01 -9.921058576303207133e+01 1.300975887382410379e-01 3.893199271620943480e-01 9.118687469800624834e-01 3.169318373427250890e+02
9.747201886976940566e-01 -2.200510774588062546e-01 -3.870500037899719109e-02 2.111744746984625110e+01 1.838130564011788426e-01 8.882499444226787944e-01 -4.209807555334886264e-01 -9.940599133638099261e+01 1.270169832800945586e-01 4.032239570540300799e-01 9.062434145504759675e-01 3.178495636145891581e+02
9.770637923659387658e-01 -2.106716173936114544e-01 -3.104537440967420833e-02 2.085743841502808138e+01 1.776392317069186710e-01 8.867519398856965607e-01 -4.267496929905287284e-01 -1.000401387570422997e+02 1.174335940268021877e-01 4.114467969661405600e-01 9.038367575288378530e-01 3.193280793319374311e+02
9.782851495893427618e-01 -2.048756186383215161e-01 -3.137111697899615942e-02 2.077712521529968370e+01 1.718877669055146606e-01 8.865394510738011657e-01 -4.295374224418399001e-01 -1.007130989344171752e+02 1.158134779772172496e-01 4.148177703248873693e-01 9.025039920917253822e-01 3.208036500630433920e+02
9.761959441456300457e-01 -2.144761006348365751e-01 -3.227198305164753062e-02 2.064630283336860117e+01 1.801374416009520196e-01 8.846207829096102149e-01 -4.301122790363370307e-01 -1.013767229470241915e+02 1.207972713560746258e-01 4.140604698601949574e-01 9.021983964362121355e-01 3.222903217896391652e+02
9.757485681883758533e-01 -2.156822257541813892e-01 -3.736186788752549753e-02 2.061075684250377904e+01 1.792712152601854680e-01 8.853383135937519244e-01 -4.289963891014555997e-01 -1.021434574430262643e+02 1.256047891501674008e-01 4.118947049631438428e-01 9.025332065723995489e-01 3.237184211678250563e+02
9.723703051921394058e-01 -2.226753193938331710e-01 -7.008346248138719314e-02 2.019007076380814425e+01 1.709514756606145824e-01 8.836631660961341561e-01 -4.357923838875541467e-01 -1.027837120559311188e+02 1.589703826188473557e-01 4.117707019905589294e-01 8.973144969475346233e-01 3.251200818485870627e+02
9.779562465945853544e-01 -1.999972493120434347e-01 -6.002232929691582453e-02 1.994386634973546890e+01 1.536480527227692960e-01 8.838885357644910012e-01 -4.417389865504166568e-01 -1.032749143217582315e+02 1.413996309794018080e-01 4.227790872449920245e-01 8.951335027509409459e-01 3.261008036121650662e+02
9.717095986763178983e-01 -2.270778700250233040e-01 -6.493147761438861076e-02 1.985544293914747271e+01 1.757342180308427426e-01 8.788383558316952282e-01 -4.435770834163041965e-01 -1.037055073361916726e+02 1.577908123224422143e-01 4.196174272643233283e-01 8.938810179675380496e-01 3.273189654831601274e+02
9.690571742139423295e-01 -2.347934433070041627e-01 -7.615925475284626711e-02 2.003280808104344857e+01 1.788776905792139049e-01 8.806061101489229825e-01 -4.387888450968343568e-01 -1.042684251593788218e+02 1.700910489047383067e-01 4.115882866997209177e-01 8.953569775983555301e-01 3.283265359963447168e+02
9.656918034096932946e-01 -2.403670430658097767e-01 -9.830068888421668316e-02 2.031459013419451054e+01 1.744881680464905049e-01 8.809258766763282678e-01 -4.399130357397995073e-01 -1.048737800183320843e+02 1.923362161400992143e-01 4.076681057058913482e-01 8.926441035211446495e-01 3.296537114477121122e+02
9.661514354726795650e-01 -2.379973576775546718e-01 -9.954225973204106070e-02 2.025429842503551470e+01 1.720551733637997738e-01 8.819740048906858920e-01 -4.387697255005417185e-01 -1.054730299867384389e+02 1.922197207697761701e-01 4.067912393790875658e-01 8.930691275100735016e-01 3.308045513519641645e+02
9.647830943422655015e-01 -2.395520507290779810e-01 -1.086664431314235540e-01 2.025655800782798011e+01 1.694806982288249997e-01 8.820215086849707564e-01 -4.396752792060767412e-01 -1.061131202409522274e+02 2.011712549029076036e-01 4.057744117222877311e-01 8.915588892452424030e-01 3.321505172575914457e+02
9.647935673808347712e-01 -2.303408073962568137e-01 -1.269507179522125218e-01 2.050982046631485645e+01 1.529949345018541129e-01 8.841378745899360903e-01 -4.414666111183809249e-01 -1.067106168261048253e+02 2.139297135914371983e-01 4.065013298423744703e-01 8.882515108228390410e-01 3.333175911173377699e+02
9.638976288252032454e-01 -2.308387193382102631e-01 -1.327209357992359950e-01 2.040024799278733525e+01 1.497417481135962791e-01 8.820793719383027698e-01 -4.466692181836545150e-01 -1.073137993527813023e+02 2.201789499861728783e-01 4.106695353385881320e-01 8.848004084129729163e-01 3.347471777090311775e+02
9.654989508315758862e-01 -2.238818385345403839e-01 -1.329988658504255294e-01 2.016257075159070311e+01 1.432591325884561562e-01 8.831565964631638010e-01 -4.466668188410537477e-01 -1.079578007263786361e+02 2.174594143124369272e-01 4.122030428053408135e-01 8.847598852959478455e-01 3.359663928465990352e+02
9.702900352824089802e-01 -2.051855160158398417e-01 -1.282035547438303280e-01 1.984864396981284074e+01 1.268565238620573965e-01 8.826589778013023135e-01 -4.525710455391265818e-01 -1.086061055999011984e+02 2.060210420934608655e-01 4.228617184424009467e-01 8.824643320217834264e-01 3.372228340902106538e+02
9.700631221858672104e-01 -2.104022893379061954e-01 -1.212782569810249428e-01 1.946786077567686135e+01 1.346119629731753753e-01 8.815039496657408602e-01 -4.525819330775252558e-01 -1.092571876026533317e+02 2.021315373698411855e-01 4.227075388079244433e-01 8.834371388137581826e-01 3.385871772256848544e+02
9.693439060222295289e-01 -2.135733753073932595e-01 -1.214858231126354493e-01 1.930143746479105005e+01 1.377104873654588779e-01 8.817079580046006670e-01 -4.512503722556995278e-01 -1.100606771433280215e+02 2.034900821345219102e-01 4.206869265274958414e-01 8.840895295849415803e-01 3.400333392595155146e+02
9.703243817620468281e-01 -2.126280756646252990e-01 -1.151516200374066712e-01 1.899315457167013932e+01 1.401066173991783181e-01 8.825066246786388291e-01 -4.489456461079200378e-01 -1.109073965608196914e+02 1.970805163354322487e-01 4.194894025329592435e-01 8.861082954376904297e-01 3.415808670592366525e+02
9.736047358266447516e-01 -2.022402523826010989e-01 -1.057955513815710125e-01 1.864111250200948433e+01 1.343824000040987066e-01 8.825999313548401615e-01 -4.505094135992621651e-01 -1.116716565461329509e+02 1.844862838940788397e-01 4.244010385103195171e-01 8.864810034999643928e-01 3.430165871086140896e+02
9.740211260996758380e-01 -1.821382334829889649e-01 -1.345678632333733582e-01 1.905863959241202465e+01 1.010171189370611122e-01 8.812896805669833133e-01 -4.616535937342859941e-01 -1.123100726672908110e+02 2.026780392473622183e-01 4.360666953916857436e-01 8.767938466806245446e-01 3.447292498041433078e+02
9.821027931835414337e-01 -1.656165162322134898e-01 -8.969544677502680474e-02 1.818819382244864258e+01 1.045843845992113497e-01 8.755918203030219615e-01 -4.715941801129719391e-01 -1.130381372563102360e+02 1.566403847003401684e-01 4.537732184357406995e-01 8.772420738378809979e-01 3.464455968129339567e+02
9.878574504434973758e-01 -1.224448056526712403e-01 -9.562911257527012543e-02 1.829381987874493376e+01 6.002550700517168131e-02 8.685233755486392315e-01 -4.920000860105119833e-01 -1.136818858355052271e+02 1.432989745672531012e-01 4.802857646175472950e-01 8.653270989595202023e-01 3.480331262406285191e+02
9.900362998607196152e-01 -1.200565421576336445e-01 -7.358363706170861773e-02 1.780360965107778881e+01 6.939066741611890632e-02 8.706742921282358827e-01 -4.869406661006271952e-01 -1.146711925770971732e+02 1.225277937189041128e-01 4.769829176313680752e-01 8.703299581504895244e-01 3.495127495463779042e+02
9.883702019199691602e-01 -1.321143085265514827e-01 -7.530042124192960762e-02 1.772103957369912663e+01 7.968305678220291566e-02 8.717053393519537119e-01 -4.835084402646159241e-01 -1.154918390948918017e+02 1.295181625043562434e-01 4.718851669928096348e-01 8.720948542180785301e-01 3.509083050053178567e+02
9.890463603265835513e-01 -1.286735763831416135e-01 -7.232155878775241298e-02 1.758369823588982683e+01 7.868373640567878635e-02 8.741546632685637253e-01 -4.792311491452188044e-01 -1.163775097440105384e+02 1.248846137438871379e-01 4.682912933491076846e-01 8.747040058348012348e-01 3.522685084971108154e+02
9.928117187530266508e-01 -9.554883776590188116e-02 -7.207850378737683250e-02 1.670598335343770202e+01 4.685546694678545399e-02 8.644452373195271599e-01 -5.005387066878707047e-01 -1.171484986174552034e+02 1.101338109929926451e-01 4.935634217374254007e-01 8.627083472408227927e-01 3.540589287385095076e+02
9.950666467004305460e-01 -7.222098972293967967e-02 -6.801835978454490172e-02 1.653685298400082360e+01 2.828013741526451061e-02 8.636524902498868839e-01 -5.032937610510610504e-01 -1.179377167741568684e+02 9.509259935512673345e-02 4.988872665528656936e-01 8.614342069010740843e-01 3.553652918314687668e+02
9.953948292513654650e-01 -5.046130948472597050e-02 -8.150331370387006724e-02 1.664033305259930628e+01 1.702589793969287030e-03 8.594054828460190310e-01 -5.112918122189855641e-01 -1.187888725861168808e+02 9.584484904061706112e-02 5.087984594112586745e-01 8.555336887657304379e-01 3.570997672523205893e+02
9.983178610413865339e-01 5.257384628987404190e-02 -2.444256557768445873e-02 1.603642163506827245e+01 -5.752385293707461267e-02 8.455094295025904483e-01 -5.308529089733409201e-01 -1.197512560351232196e+02 -7.242559561727248893e-03 5.313659711615668080e-01 8.471114153536751790e-01 3.588284898311075040e+02
9.988225884994125225e-01 4.296454366465758679e-02 2.252742086881123415e-02 1.599588100194033125e+01 -2.183657665864115541e-02 8.128436650371771988e-01 -5.820724526454934544e-01 -1.197902143818002969e+02 -4.331974865051958085e-02 5.808951920928583368e-01 8.128248121091308231e-01 3.605351245730255982e+02
9.926099417069000896e-01 1.123210300046294102e-01 -4.592918291567910094e-02 1.746075368026461661e+01 -1.169306074740688178e-01 7.841153297912644149e-01 -6.095001087957752084e-01 -1.214827675940903475e+02 -3.244590359890237030e-02 6.103663947212505381e-01 7.914544380661595602e-01 3.628700669642672096e+02
9.977491875200688032e-01 6.688394815810505545e-02 -4.805859111994821402e-03 1.746536219412368851e+01 -5.721214349688449885e-02 8.117031182513483323e-01 -5.812614028623522833e-01 -1.204572618093105234e+02 -3.497612670826841935e-02 5.802280459438370341e-01 8.137027007824608749e-01 3.611640427899071710e+02
9.963296279997144733e-01 8.552365080339584258e-02 3.602432953728050991e-03 1.731818312523074965e+01 -6.708713558371461050e-02 8.063032641573086856e-01 -5.876855982993131056e-01 -1.211447565080667772e+02 -5.316567134063254763e-02 5.852868966263553574e-01 8.090813679898807287e-01 3.622463975327407297e+02
9.786857612298736075e-01 2.005539115549108409e-01 -4.418494456150868360e-02 1.760886632127242279e+01 -1.844276141173795125e-01 7.636855754294438192e-01 -6.186847315329110364e-01 -1.220243453561764824e+02 -9.033623811545052340e-02 6.136468613469849842e-01 7.843958781394315682e-01 3.637608622891253845e+02
