1305031453.359684 0.0 0.0 0.0 0.0 0.0 0.0 1.0
1305031453.391690 0.0005811509684679794 0.0026015661446636027 -0.008560783976219608 -0.0014938148874732184 0.0071089639855539035 0.010981475102019566 0.9999133154192507
1305031453.423683 0.005323802621897523 0.004366855360358104 -0.017253937318445274 -0.0005478973726202602 0.01110269873538577 0.019943721808349846 0.9997393049438895
1305031453.459685 0.01246928575074555 0.008213496627425803 -0.02785270185487218 0.0030918559929466343 0.01590941126962035 0.028522912228339328 0.9994617424081762
1305031453.491698 0.014370104030596449 0.009493111963683592 -0.03921107802740196 0.005977119730087603 0.02299599740630524 0.03760368412875022 0.9990102207099617
1305031453.523684 0.01526456889761594 0.012376605663333992 -0.050681836036771497 0.011870339137070219 0.028117952238298435 0.04604276153443973 0.9984731042551812
1305031453.559753 0.01279026490023422 0.008411374991838333 -0.06473109856242912 0.015021964251610504 0.03264486808460264 0.05210709012882595 0.997994741637484
1305031453.591640 0.012654674138467773 0.013886055444780259 -0.07792859431446922 0.02216070771587524 0.03548663585324042 0.05650574465371565 0.9975252891683899
1305031453.627706 0.007339277301639733 0.01457921983889462 -0.09201934386328964 0.027287592966354787 0.037367301567253985 0.060279232618502904 0.9971085628749805
1305031453.659600 0.0016897638114389728 0.020057332886528438 -0.10562638920270773 0.034658717302300746 0.0341463150060498 0.058866608272059036 0.9970794977919315
1305031453.691678 0.019905527888248068 -0.004292467530443395 -0.12013420769492483 0.029221385744087745 0.022430152537512908 0.04977745268278223 0.998080760297859
1305031453.727652 0.013488772621994605 0.001985253474223585 -0.13262931164800149 0.03318387343838378 0.017376569167746003 0.04500959587040063 0.9982840385717718
1305031453.759694 0.00016441739657235659 0.004694884956903654 -0.1450396600647819 0.0366555982251811 0.010591266256345884 0.037487556166009336 0.9985684129445219
1305031453.791716 0.017032534851408015 0.000358336455175497 -0.16094783210994396 0.036857504553410324 -0.006658343731382096 0.037363584459393195 0.9985995961210858
1305031453.827773 0.005499811009107687 0.005336020095821242 -0.17302978707558916 0.039240217673900915 -0.013302149777635523 0.031171349029127864 0.9986548979141404
1305031453.859705 -0.012733212509185816 0.013537400248009628 -0.18315603410299483 0.04219047022046224 -0.022905334137126258 0.02512197653698573 0.998531019140376
1305031453.891710 -0.028497433378124028 0.02225509281704742 -0.19237417456268188 0.042951095046766696 -0.03724976267470457 0.019221825833135222 0.9981974654478953
1305031453.927723 -0.045051432946382586 0.02955241557675997 -0.200175439590557 0.0415663140696278 -0.05377710632381156 0.01609653462102026 0.997557600313534
1305031453.959641 -0.05366279202222718 0.0373668530214681 -0.2066853870121834 0.04068979565654392 -0.07075232879806707 0.008536006552670799 0.9966271043330155
1305031453.991624 -0.0701154671943753 0.034617160754048526 -0.2102741508409892 0.03763794250882068 -0.08065249518941088 -0.0031773260112844485 0.996026337454408
1305031454.027662 -0.08438605921639056 0.03630203222819958 -0.2156637889177314 0.039778323625747 -0.09214394961762813 -0.012914278013213824 0.9948670257586119
1305031454.059654 -0.1110672663558632 0.04678049933305019 -0.21908996826764549 0.043422268313226174 -0.0985807807550747 -0.023146879821946163 0.9939117456971529
1305031454.091651 -0.12786974124059292 0.04404098336325747 -0.221906521675887 0.042349616552210353 -0.10921997589303538 -0.03743233659104413 0.9924093545614834
1305031454.127701 -0.14099699403417712 0.07026024311849301 -0.2182930670211731 0.054667237178852864 -0.12236237645668926 -0.056452790326252465 0.9893695085616304
1305031454.159672 -0.16510270017258863 0.08009984043220918 -0.22296581447432792 0.05724005326522524 -0.13271304124011904 -0.06899427969777258 0.9870919989322059
1305031454.191658 -0.18136742278331316 0.0807434986810238 -0.22309360684868065 0.05452039117739285 -0.14753149835564497 -0.08345014361525478 0.9840213704332825
1305031454.227671 -0.20527749034349668 0.07573781837883634 -0.22341792615879807 0.0541596796347847 -0.1596165675558966 -0.10036001859301424 0.9805698073730095
1305031454.259627 -0.2188077041611528 0.08132451408896352 -0.2249529857118135 0.06035355425177098 -0.17017970521463222 -0.11575473485111405 0.9767277807975913
1305031454.291639 -0.2308667822669167 0.08798470236265771 -0.22715248213619604 0.05974643117806256 -0.17595875303979558 -0.12745118336703037 0.9742818262948911
1305031454.327699 -0.24969513182715866 0.08399886490963282 -0.2292911015466901 0.05882631475019103 -0.1832092438611996 -0.14192447149910273 0.9709949958915438
1305031454.359636 -0.26177823362745983 0.08899619047251578 -0.23099210911573212 0.06566358168460164 -0.1927338116708232 -0.15667947373001 0.9664333988386744
1305031454.391677 -0.273731855559499 0.09776654230903115 -0.23355439378001674 0.0681960302122187 -0.19852533197575714 -0.16841992674286518 0.9631052498575312
1305031454.427465 -0.28082962140388973 0.10816696410716894 -0.23226897511793684 0.07266283774328267 -0.21175777051135602 -0.18056456460944803 0.9577448494492433
1305031454.459913 -0.2883417580926805 0.11544350689482177 -0.23116009009647093 0.07646344313494464 -0.22037133959191144 -0.19525147172115084 0.952610454142269
1305031454.491617 -0.2974366697128753 0.1225187839521173 -0.23305668901732354 0.07873605603322112 -0.22382617804773572 -0.21168559390880168 0.9480989847227738
1305031454.527700 -0.3055345954878574 0.13277256360424194 -0.2352650059539677 0.07932296198356033 -0.2282936323641538 -0.2269909766588849 0.9434325527771346
1305031454.559575 -0.31520223540813436 0.1426162971710376 -0.2376383515925093 0.0772270010460335 -0.23216733972321263 -0.24011659584895673 0.9394031813194965
1305031454.591635 -0.3280523785132935 0.15237455886448076 -0.24109955651771606 0.07562789703697703 -0.23951795335201403 -0.2573852234995562 0.9330940027327954
1305031454.627580 -0.33504218689808196 0.16105005056279284 -0.2423182506165805 0.0744182960936073 -0.2507311818375779 -0.27003228753330727 0.9266489925265039
1305031454.659528 -0.339954663103784 0.17367247554685733 -0.24412373464090306 0.06989089402835694 -0.26092722167797133 -0.27614625762493616 0.9223749196064874
1305031454.691884 -0.34500556434810786 0.18029903901020108 -0.245662273758048 0.06302451115317048 -0.2734425368343435 -0.28256347517412655 0.9172867449936378
1305031454.727659 -0.3450965517218366 0.18118315267589769 -0.2449034839555457 0.05690069816728522 -0.28614062918477423 -0.28573294655931525 0.9128211950477204
1305031454.759732 -0.3390166635966911 0.18698439982558715 -0.24171529526587993 0.05149535556889779 -0.29365324480424554 -0.28152900625080646 0.9120621792455839
1305031454.791641 -0.33583307433633625 0.19365451647321794 -0.24159685682791487 0.04680508420996592 -0.29637676250623934 -0.27444328434355364 0.9135923502400518
1305031454.827570 -0.327330080861045 0.20083596254068187 -0.23945961951166472 0.04203504553637394 -0.2990494065865408 -0.26669426456358736 0.91524678454277
1305031454.859620 -0.3217313339325682 0.20697975871063057 -0.2378227349386249 0.03620240351318027 -0.29705712306183796 -0.25921833902279673 0.9182877023745635
1305031454.891764 -0.31854796220136 0.21410149340484239 -0.23827125607513802 0.032277044003219915 -0.29216141182781574 -0.2519188686589823 0.9220286250885975
1305031454.927567 -0.3155338795239977 0.22439857795827953 -0.24052438007772267 0.029160437175900108 -0.28623231796748566 -0.24512130087538522 0.9258165460348118
1305031454.959648 -0.3172098323789524 0.23373065427271808 -0.24455954139097263 0.025839468271487188 -0.279873330185097 -0.23870456452998126 0.9295285750331197
1305031454.991937 -0.3219192968783843 0.24338672618332777 -0.2501736145516574 0.023530027105653235 -0.2754408054978484 -0.2328896119496993 0.9323846465579653
1305031455.027799 -0.3237574687222295 0.2549689982239413 -0.2535514317777735 0.023775463778339223 -0.2745535188524983 -0.2301342997475768 0.9333237898433361
1305031455.059636 -0.32615966265709145 0.26083691133179654 -0.2552725484015498 0.020636541869658083 -0.2718567733426138 -0.22595541471548192 0.935207024400565
1305031455.091700 -0.33193222537599 0.27026535799084195 -0.25974656264498946 0.023192437643135933 -0.26782125789463357 -0.22539992058294836 0.9364447450101399
1305031455.127695 -0.33655597836008394 0.28155666233284393 -0.2640512622569455 0.024655263727347772 -0.263286176152372 -0.22319925412433758 0.938218844607129
1305031455.159720 -0.34911101898418373 0.3017555416497019 -0.2732865279486906 0.029694337910620483 -0.2551745872609062 -0.22147569794407312 0.9407192416084948
1305031455.191655 -0.35941943908608254 0.310146654838896 -0.2775270081186092 0.026177901821904773 -0.2508959938471037 -0.2156084258360463 0.9433339411026082
1305031455.227581 -0.37050753113682283 0.3171745150278537 -0.2816903910788125 0.025584272294970713 -0.2467989543901002 -0.20997593804971876 0.9456985918162458
1305031455.259631 -0.37591618021126005 0.3300360149375925 -0.28473140597030683 0.023618797222083876 -0.2428316912426452 -0.20278811704911973 0.9483416587547396
1305031455.291831 -0.39115643482589785 0.3356317582705965 -0.28990575406516494 0.014967159814677689 -0.23534334774569377 -0.19306383388571494 0.952426295754312
1305031455.327766 -0.40436671032492116 0.34625087823344153 -0.2964391001696129 0.010029170137291696 -0.2315350923657352 -0.1818321178441837 0.9556296341521889
1305031455.359630 -0.40410169256875306 0.3531614250965027 -0.29742380798556584 0.001040271800301725 -0.23360202827555968 -0.17212703507426802 0.9569750749192308
1305031455.391665 -0.41645272062128624 0.35377961011050757 -0.3002954752484433 -0.010521255266292228 -0.2258277895368678 -0.16388815521758907 0.9602248618109661
1305031455.427642 -0.4323505027327931 0.35239267220827075 -0.3075221064367693 -0.020582800563394014 -0.21757745136198148 -0.1543005679116618 0.9635495502162464
1305031455.459589 -0.43497597103711394 0.34582310911391584 -0.3090742480948697 -0.02967977297178708 -0.2197041671076351 -0.14047002894196814 0.9649442268861586
1305031455.491637 -0.44762125021080157 0.35009593412808016 -0.31664452175218005 -0.0340522866851462 -0.2155480579737746 -0.12952213595257203 0.9672659886368022
1305031455.527610 -0.4654023353889523 0.34503395626328476 -0.3244831845131779 -0.041400849385953155 -0.21127741201019978 -0.11638670647434463 0.9695885516034359
1305031455.559669 -0.4851795283038995 0.3427106589212321 -0.3342561933337881 -0.04601121794802444 -0.20926977530394653 -0.10348556172635417 0.971277441044193
1305031455.591645 -0.4996537064893409 0.3468321826888853 -0.3437954445859082 -0.04875169812946537 -0.2094817947755619 -0.08833684747430223 0.972593055170252
1305031455.627617 -0.5176491243807056 0.3382312156101805 -0.3512522187976012 -0.0561562368119546 -0.20609077089128713 -0.07661632383068176 0.973911192123402
1305031455.659615 -0.5321367586779304 0.33128155796209185 -0.3575397738200633 -0.05558921637767401 -0.20548483014288116 -0.07225072571180936 0.9744052833589236
1305031455.691605 -0.5485068593385863 0.33190172304192 -0.36959006742306044 -0.05132049204994343 -0.20282182135481525 -0.07358639272769432 0.9750972047357086
1305031455.727628 -0.5633944448701681 0.3289040565680438 -0.3803430980711669 -0.04917072488322893 -0.19908042087878008 -0.07839657066021417 0.9756040198491925
1305031455.759683 -0.5788669935479338 0.325401242712682 -0.39231642882490964 -0.04818976498363628 -0.19281932320838052 -0.08144480813610253 0.9766602266786324
1305031455.791666 -0.5828440422559822 0.3039739195753214 -0.38627604452119385 -0.05914888334469183 -0.19494810171141427 -0.07277327816833848 0.9763199768635414
1305031455.827590 -0.5991544678250487 0.3014888637306279 -0.4010763211178782 -0.055836313649239154 -0.19036874103290402 -0.07273888878531083 0.9774206374810639
1305031455.859526 -0.6128130985062062 0.2956349560946761 -0.41284272219812207 -0.05590330625702486 -0.18789693375998398 -0.07416359947289967 0.9777879745355599
1305031455.891657 -0.6244387125889659 0.29069421486198355 -0.4244222705466401 -0.05584443092293683 -0.18464813342686948 -0.07443509277100956 0.9783894333653841
1305031455.927955 -0.6357275592149942 0.2835816120135407 -0.4338692519061732 -0.05720540504272739 -0.18096752012992112 -0.07542884664235373 0.9789222580910745
1305031455.959716 -0.6503548578893067 0.28117766252299686 -0.44465571529554504 -0.05659585101953943 -0.1756145024006872 -0.07873561039030709 0.9796719654304694
1305031455.991694 -0.6605851251387229 0.27798517808523077 -0.453485635179032 -0.05850415220118708 -0.17064780487320347 -0.08131051775280151 0.9802271117296995
1305031456.027770 -0.6699577052394148 0.280737407595173 -0.4622581732279801 -0.06191840160057782 -0.1645646335140933 -0.08533479973937617 0.980715333260902
1305031456.059713 -0.6842460239512077 0.2719508604881092 -0.46755740504222504 -0.0720798750274481 -0.1585807485370689 -0.09367818040665296 0.9802453959724314
1305031456.091707 -0.6971494680549037 0.26039431654738265 -0.47089558115001773 -0.0792523624575824 -0.15386458364396102 -0.09882009966520225 0.9799384372740574
1305031456.127645 -0.709380675623304 0.25159379583241787 -0.4737793999084032 -0.08217888773670157 -0.14897634445407748 -0.10049049919865602 0.9802827851055343
1305031456.159731 -0.7139622578988224 0.2356303309426318 -0.47035328208046995 -0.08682514755371147 -0.14578616412006676 -0.10013625249595651 0.9803981431232409
1305031456.191658 -0.7227551875720106 0.2240654352343009 -0.46966815360585895 -0.08468237552559874 -0.1384058453831564 -0.09778632036769247 0.9818913141422844
1305031456.227678 -0.729807267790976 0.22937982481752028 -0.47554634248604627 -0.07913881322571627 -0.12821756328753706 -0.09477454156659922 0.9840300254446875
1305031456.291675 -0.7436200253644445 0.21740100455132727 -0.46582212461611805 -0.07955147243459144 -0.11057409728137392 -0.08855577305274487 0.9867131332372788
1305031456.327718 -0.7568704964909504 0.2145246213351203 -0.47010767527692193 -0.07332674715555712 -0.097448813578962 -0.08351329479440084 0.9890158979896232
1305031456.391619 -0.7590800853937989 0.20845969716539028 -0.4585610273867483 -0.06991696003249549 -0.08252538459327416 -0.07412831721512805 0.991365811486557
1305031456.427662 -0.7875547057961475 0.2115607120060965 -0.45725301890625797 -0.061512751154631916 -0.06498983323370272 -0.06946009769815208 0.9935631826156837
1305031456.491677 -0.7992399634168204 0.21771882780713225 -0.4566557862249187 -0.06388690699903153 -0.06328315843297605 -0.061035207671212545 0.9940766612275812
1305031456.527641 -0.8151642003164334 0.22138939390508688 -0.43555589026716146 -0.07109179081928539 -0.06523292625212937 -0.054529232137707204 0.9938396175707441
1305031456.591651 -0.833672356412342 0.21616411928223586 -0.4231539207205859 -0.07674649382319147 -0.061087548091396854 -0.043466434211964874 0.994227819089229
1305031456.627612 -0.8469576744008221 0.2403674568937433 -0.4114616104636134 -0.08248990937327132 -0.054590300994457865 -0.03769335589995351 0.9943814785131121
1305031456.691612 -0.8813447729279922 0.21909176893222868 -0.3925775858121022 -0.09969526481668503 -0.04111776502984738 -0.0236334909377073 0.993887137293857
1305031456.727693 -0.8970351362728282 0.2404189815808886 -0.3833225813402823 -0.09904680323868935 -0.03898615914982466 -0.012422350724373895 0.9942411655958636
1305031456.791649 -0.9343467915950675 0.2302472187784685 -0.3697393984966856 -0.10629528907066793 -0.03758692374450829 -0.002849365947688961 0.993619854772691
1305031456.827603 -0.9319965730367248 0.25463300770067543 -0.3600696991668088 -0.10030909037615646 -0.04757916745881445 0.007924187710253777 0.9937864541544963
1305031456.891672 -0.9469282911943501 0.24204490551859204 -0.34517079626321984 -0.1145797296460604 -0.04494668713510646 0.018276564517276276 0.9922284253433078
1305031456.927690 -0.9639405449650058 0.2511572134584068 -0.33015237171711476 -0.10897955950862105 -0.03690408095998357 0.024011196925515975 0.9930684804382877
1305031456.959667 -0.9752301085522816 0.2639592087350008 -0.3283485833135214 -0.10859633936923933 -0.031126134980877802 0.02989023081039389 0.993148817095834
1305031456.991709 -0.9884417911474642 0.26126585143028075 -0.31971345083996316 -0.11793497992802038 -0.02588075452069762 0.031577092378762876 0.9921816437990171
1305031457.027648 -1.0018314620109412 0.26165042774644115 -0.3143817755151934 -0.11992765606840204 -0.020689523948800755 0.0350468869216243 0.9919480916992649
1305031457.091655 -1.0160674925383908 0.27582392901596686 -0.3226240927951421 -0.122119766997883 -0.014653661214896077 0.042764682892407174 0.9914853577428632
1305031457.127632 -1.029076509546533 0.2592088848084752 -0.3098410201261918 -0.13474078411277027 -0.006769248321182993 0.04731145137092371 0.9897276013848549
1305031457.191735 -1.0530913880148447 0.2628455483214764 -0.31551360540764195 -0.1311012674059 0.008457932376815 0.05921165825535557 0.9895629846508642
1305031457.227543 -1.068979282165875 0.2540824215566748 -0.32209368412568146 -0.13710536474299306 0.0174375353211539 0.06436365867881702 0.988309349729168
1305031457.291656 -1.0822531325873077 0.2307345090384023 -0.3169219322178796 -0.14053973823017282 0.02731840445058216 0.07518057976562052 0.9868384706640564
1305031457.327548 -1.098682639740591 0.23743752769192025 -0.34227917624216536 -0.1307968505258207 0.03930276611607466 0.07884264364652772 0.9874873741020577
1305031457.391684 -1.1027381818006394 0.20868210464542408 -0.3443354793751886 -0.13923060546655464 0.05005534527008301 0.09523735706934856 0.9843978599782479
1305031457.427641 -1.1348280523733267 0.20775699972110565 -0.37272012607687866 -0.13047211913274173 0.06706336575927284 0.10075740463015134 0.9840363186967467
1305031457.491705 -1.165527398825034 0.1975823023219857 -0.3777038327655774 -0.12892005212870034 0.07568139886596323 0.1073691515794673 0.9829159736793014
1305031457.527638 -1.1750221204440643 0.18448809473773892 -0.38396430112484614 -0.1283079068112017 0.07875850781594051 0.11097601663673465 0.9823535525602669
1305031457.559685 -1.1876496079023817 0.1784101515113365 -0.3942526035846432 -0.12447058852674839 0.08406147534313756 0.11469842333371734 0.9819801488012367
1305031457.591678 -1.2060620417371173 0.17650784768125768 -0.4059872420770073 -0.11987228660074521 0.09024338161124469 0.1178518228521361 0.9816301313788733
1305031457.627526 -1.2180250119551659 0.157609117086881 -0.42295967930185446 -0.12148451901427242 0.09183944172319072 0.1207600467601914 0.9809301910382408
1305031457.659632 -1.2346483021145638 0.1619218523847247 -0.43290590824548647 -0.11504712362203175 0.09503285242915603 0.12475450380547497 0.9809022530740382
1305031457.691570 -1.2488740284189317 0.15250497995293383 -0.438371427177936 -0.12104281135501345 0.09606019403564355 0.12696927460377075 0.9797958360024301
1305031457.727669 -1.2588260971289607 0.13267930893143307 -0.4392993190228126 -0.1255215561503447 0.09717149338713206 0.12634806071385665 0.9792028428105983
1305031457.759556 -1.270670855804829 0.12123204368593668 -0.44486324928090376 -0.12244757047049172 0.09968071542593623 0.12593736440438233 0.9793927341495468
1305031457.791567 -1.2775745578312931 0.09886722453158603 -0.44657584177078596 -0.11947839422762957 0.10384165915461731 0.12466373379556067 0.979490059476334
1305031457.827699 -1.291311607879364 0.09834744899037084 -0.45641913455795324 -0.1081991567523215 0.11229469275123302 0.12509236566347162 0.9798136274367226
1305031457.859623 -1.30212137033761 0.09048353978641138 -0.4633836063342467 -0.10493052833559541 0.11959453088050163 0.12493398397381773 0.9793253964107715
1305031457.891593 -1.317478736112741 0.06254850267365952 -0.4591811151234974 -0.1031081134907874 0.12924504745757046 0.12448499584020235 0.9783495901009647
1305031457.927633 -1.3372289559273158 0.050728845492549746 -0.45998550343390054 -0.09244961450256989 0.13646110993846836 0.12802557230202843 0.9779779583862946
1305031457.991644 -1.3636243531947658 0.03903442686913363 -0.44765783570079193 -0.08147015032601398 0.1410260162187951 0.13208736743161076 0.9777664366914518
1305031458.027845 -1.3699629327574177 0.024395012673346067 -0.4394588005914329 -0.07583077939607985 0.1438084636792254 0.13247800144010657 0.9777619330925287
1305031458.059689 -1.3847811078992522 0.023317196953861155 -0.444013143121494 -0.06723069644343035 0.1490501176499003 0.13497322384027913 0.9772647157911942
1305031458.091690 -1.398703807684202 0.03100637991186038 -0.4539166202829495 -0.06091172684321672 0.15225415882387325 0.13770360159842945 0.9768040493162548
1305031458.127605 -1.413474141646252 0.022586463324574313 -0.4444076960842364 -0.06258512685977292 0.156789354341132 0.13784133097772272 0.975961048267566
1305031458.159638 -1.4347914268131432 0.010405368261124214 -0.42688278382394046 -0.06344284082384005 0.16238351780562602 0.13806340131661962 0.974959022887709
1305031458.191646 -1.4542229453501525 0.009166390177598844 -0.42168149113591946 -0.06280780589037555 0.1637606444205823 0.14091678762883775 0.9743613753749483
1305031458.227611 -1.472115502766711 0.01510483813028283 -0.4167919504720543 -0.06357753565649009 0.16196888562889972 0.14291438280403226 0.9743199968366254
1305031458.259934 -1.483252694766366 0.004178665533891551 -0.384765521247804 -0.06735979937567325 0.16050468817271848 0.14198262095066938 0.9744443739129623
1305031458.291664 -1.5019391508623485 -0.02001430277181827 -0.35839924430684705 -0.06927265691476302 0.160230494052988 0.1416530210100482 0.9744033607383703
1305031458.327628 -1.5233593203640272 -0.0211443688688188 -0.35192342114038 -0.06443341079410601 0.15688546574173595 0.14163445858384718 0.9752819932481561
1305031458.359590 -1.5314855081355208 -0.032035346235796375 -0.3229819483016497 -0.05957207226293233 0.15320026364516234 0.14242413246360577 0.9760615830557726
1305031458.391626 -1.542507784763555 -0.04468111446447168 -0.3047553490367688 -0.053095618586865796 0.15187996990100266 0.14587978854740447 0.9761313524946899
1305031458.427598 -1.5546724821437932 -0.04048778106049955 -0.2953204734138764 -0.042429348226006205 0.15322891213895765 0.15109824895284368 0.9756484869343115
1305031458.459637 -1.5474315078190168 -0.04380544212616458 -0.2729023415268953 -0.03297700590595688 0.15506008863034698 0.1574573968604173 0.9747184486657507
1305031458.491696 -1.5281571192670622 -0.06100170358200327 -0.24612028729650678 -0.022156648416238354 0.1588044140683334 0.16240255753074762 0.9736095985100208
1305031458.527737 -1.5347253265364191 -0.054075884862789324 -0.24197557118188628 -0.004493226691990475 0.168082191906241 0.1625002006660825 0.9722766439966406
1305031458.559628 -1.5424011287266137 -0.03050831628999617 -0.23687742996541622 0.012014127208482758 0.1749036624652674 0.15815079272374485 0.9717266572264571
1305031458.591641 -1.5495019373634022 -0.02784899484979857 -0.21441510804562303 0.02049145607227248 0.1810606330808701 0.1541845503101209 0.9710943681342499
1305031458.627659 -1.565357675784872 -0.02116637385315276 -0.22006495996020076 0.02384348987508774 0.18224022934916748 0.14831031941831416 0.9717119099565344
1305031458.659623 -1.5793370967780946 -0.0016644017314449595 -0.20166060736812216 0.025962952578657685 0.1800977391187658 0.14744546653965088 0.9721885433672889
1305031458.691674 -1.5880060777558962 0.0025481051918036478 -0.17534092096441156 0.02121954620844609 0.16989886928209397 0.1473642934005016 0.9741498191273986
1305031458.727650 -1.5928660311725331 -0.006975234695729386 -0.12561096167204852 0.013624563052419955 0.15504910632863528 0.13679565271070332 0.9782949940114045
1305031458.759945 -1.574606321918759 0.032688871361720606 -0.09711535856972583 0.02665938198395291 0.14903919233111468 0.10993777801082462 0.9823391886042033
1305031458.791632 -1.5761772516197818 0.04814869166427064 -0.08268135249211678 0.028278208857165518 0.13330083974065707 0.1020021426440671 0.9854069169253303
1305031458.827564 -1.5710398126092975 0.046921969131468 -0.06932672261276503 0.020958924040403903 0.12312576479620642 0.10060383665912362 0.9870560458230735
1305031458.891665 -1.5586173890990658 0.035545774204179995 -0.04896487464108873 0.022561141609604644 0.1166349072612111 0.09647721104382151 0.9882203403323803
1305031458.927621 -1.574450096023228 0.03739973316415545 -0.053814821652824606 0.0231947191325676 0.12340215802905037 0.0936573797722584 0.9876549030973971
1305031458.959617 -1.5836095809948214 0.03700387769016853 -0.04714399119555446 0.018286093841139904 0.13070211555037478 0.1030424467693208 0.98588276682701
1305031458.991647 -1.5791083526219847 0.0354402005782685 -0.025587334594803456 0.01799410113925675 0.13247722939328582 0.11071136720545406 0.9848192672708874
1305031459.027665 -1.6036148915298667 0.013420053851213795 -0.006471030913715477 0.01869893509744378 0.14024214266078083 0.11646657663016481 0.9830656274004215
1305031459.059631 -1.6279376340596985 0.004289594906308109 -0.003315218899907493 0.03031760383356097 0.133580611191521 0.12399170795481462 0.9827833533235788
1305031459.127618 -1.6681370415563928 -0.023170893674984976 0.029454139398711467 0.04241532749674951 0.12389258557054855 0.13845029177654208 0.9816736137540714
1305031459.159639 -1.6917340086029453 -0.032225283861515686 0.04176948499011024 0.05088594179290576 0.10578259292677158 0.14329653302895942 0.9826936285452437
1305031459.191674 -1.713271466358888 -0.034761092906826226 0.05141955687599853 0.05743737643765269 0.09240735467702205 0.14957853359334342 0.9827451810503162
1305031459.227607 -1.7108189003950647 -0.025570714747174754 0.0658098201900409 0.06382612556110223 0.07227434331392726 0.15896923837985533 0.9825637008577747
1305031459.259760 -1.714718275964925 -0.017308136071591457 0.076275376433158 0.06517080052583124 0.0691856208801598 0.16817872699743774 0.9811636114368334
1305031459.327632 -1.6417215429348204 0.016591326543176785 0.10388575966826565 0.06888856569928736 0.061277367070331455 0.17114297997044556 0.9809227952329669
1305031459.359651 -1.6553870343120465 0.021602067685273202 0.12496967440331046 0.0730204605311646 0.09329798082942348 0.19438215546859752 0.9737448725165901
1305031459.391667 -1.664602369857954 0.04774043278387934 0.13558494751336803 0.07521335730791993 0.11646744392525679 0.21373185528368427 0.9670041258572695
1305031459.427646 -1.6667185970938265 0.054362022099804834 0.1372245406791176 0.06343321659719546 0.14714677792665257 0.2423122555009922 0.9568745077657566
1305031459.459679 -1.668631040069221 0.06250721489421047 0.14451369217263077 0.06262950674772365 0.17842442871390046 0.28235215250021295 0.9404889845719357
1305031459.527594 -1.7132357171031987 0.08946767583937759 0.15621659133918056 0.06624368478474645 0.21851944200039924 0.3079016966214444 0.9236111589362749
1305031459.559647 -1.7075116361174763 0.09060001001583114 0.16597469565139678 0.05423871103080977 0.2247676408165456 0.3286583752834056 0.9157081097290513
1305031459.591695 -1.724115255755089 0.09213365945358618 0.1727398715270269 0.05268193962535247 0.23393751733014534 0.3453510545992921 0.9073205058356583
1305031459.627608 -1.7305358583945813 0.0905421280576805 0.17896475778631124 0.049179476094977345 0.23508282946170156 0.3560843393849226 0.9030622269080392
1305031459.659641 -1.7414144643135216 0.09532201904556256 0.18560652836096816 0.050321620085201996 0.24109143705563507 0.35600013341808634 0.9014469249693814
1305031459.691604 -1.7602222855376828 0.09644928904526942 0.1858380022845317 0.04755611096078204 0.25036738225576166 0.35789769181684755 0.8983116566119218
1305031459.727551 -1.7725697295671436 0.08159369076071328 0.20027729101187347 0.0392971457141213 0.263570977329439 0.36088259871496375 0.8937280482300316
1305031459.791650 -1.7979779352974425 0.05941685025925769 0.2170588387382529 0.039336167674300426 0.2748583547318078 0.35816299753121544 0.891417308529668
1305031459.827664 -1.8155056705991868 0.04780720455257673 0.22153195470410092 0.03825827263541063 0.2760649145551001 0.35660114693790085 0.8917174942375041
1305031459.859660 -1.834582346808058 0.03528634390617109 0.2256776586668473 0.03433528597824488 0.2755799123874434 0.3554452945276103 0.8924883431303186
1305031459.891596 -1.8485202622944885 0.023948764775293896 0.23489185342921892 0.02997396609231026 0.27264104653597127 0.3569358969972735 0.8929530707350859
1305031459.927607 -1.8532339361905095 0.0058260698846919826 0.24317359159720858 0.025745539460424658 0.2683358494390551 0.3606328717674197 0.8929036739226109
1305031459.991725 -1.8803558294867204 -0.015655141027573777 0.25936401789735714 0.022656006464796336 0.2700623372149867 0.3659681881800209 0.890292269217968
1305031460.027565 -1.8832834308938033 -0.028764516167547705 0.27025492723230554 0.020777170941189655 0.2695700396983117 0.36874031135862606 0.8893429516468182
1305031460.059659 -1.8918266664291312 -0.042824831001714206 0.27948985089612455 0.020878354342432494 0.27059133330379226 0.3707587750482907 0.8881904949871503
1305031460.091717 -1.908660797141611 -0.06107484685915955 0.2928921421149426 0.021944850978485194 0.27159823352264656 0.3757338405842231 0.8857634583243654
1305031460.127690 -1.9176378810603139 -0.07961159374672294 0.3092958536017596 0.024811422663147897 0.267398332024924 0.38396342965692953 0.8834334213860189
1305031460.159678 -1.9256148853019082 -0.09165518450545687 0.31711062500486004 0.030636482103586927 0.2607705272404406 0.3923511285355167 0.8815445139208603
1305031460.191559 -1.9338544627784044 -0.09579766163410817 0.31652769218358157 0.033527217217554084 0.25345574808079385 0.4000169312064488 0.8801264478577084
1305031460.227761 -1.9254288289825219 -0.1056344982556644 0.32149665756665996 0.03321662990195418 0.25012242341875246 0.404513188876975 0.8790361248695461
1305031460.291689 -1.9156590891459317 -0.11640200621914382 0.3276549714084679 0.034972130325197005 0.2579753413341223 0.4024333353837845 0.8776520289590536
1305031460.327512 -1.9286298277157299 -0.13716689518745648 0.33709501513487994 0.034499147395084 0.27310016961044586 0.40355176307906143 0.8725663761018639
1305031460.391611 -1.9239020343355435 -0.1425898584502639 0.33898665009518514 0.033402434190587534 0.28260081072397825 0.40605526791511387 0.8684124472660898
1305031460.427477 -1.9199605610498836 -0.15859298117526038 0.34798288325936033 0.028706872356328263 0.2934941114142779 0.41100165327518234 0.8626208686611565
1305031460.459620 -1.9217332008906298 -0.16517626629150234 0.3520774655343213 0.027473617776187956 0.30585851085217086 0.41411067024498305 0.8568594543184034
1305031460.491504 -1.932200559104801 -0.16456655445109017 0.35317035607279396 0.026221954168986306 0.3190132463753567 0.4170627427262707 0.8506477686952789
1305031460.527570 -1.9328531602334853 -0.17604033273839834 0.36138712043170307 0.019174936204301104 0.33099000244261195 0.42590374471039394 0.8418336773652292
1305031460.559647 -1.926171750955764 -0.18291284538824287 0.3689919572380613 0.013623409120214272 0.3389700078931383 0.42987798770794045 0.8367309317558669
1305031460.591855 -1.9255989165290086 -0.19126532736481774 0.37743693777006015 0.010081420944794915 0.34818360416046884 0.43031280077712575 0.8327649345601109
1305031460.627625 -1.9248267466122402 -0.20085501763039312 0.385109517830348 0.00724834433489424 0.35673005123723234 0.4320580723961826 0.828261404464786
1305031460.659764 -1.9253159831530506 -0.20932233391154537 0.3921693879024383 0.005508452721069353 0.36401876504416497 0.4314454620678645 0.825417960130132
1305031460.691671 -1.9358670144231123 -0.22031058820023294 0.40316500653795223 0.0029057594908097556 0.37153110098673264 0.43175641831187456 0.8219139813921345
1305031460.727675 -1.9344170132718108 -0.2291325920745765 0.40923529955558874 -0.002478955184292613 0.3725955845407819 0.4325231693180589 0.8210298978508455
1305031460.759667 -1.93077680235075 -0.23373743536111766 0.41801537772045366 -0.004127316465859744 0.37637876062041525 0.4309274795988532 0.8201362698595956
1305031460.791660 -1.935516936654113 -0.24458059625221748 0.42922412774937063 -0.006954642570374843 0.3817260044248666 0.42945037380319684 0.8184187601300695
1305031460.827660 -1.932112925379119 -0.253022085424883 0.43152141153757045 -0.0128573201085676 0.3796813130644094 0.42829255601835264 0.8199038213647858
1305031460.859714 -1.9293728132604335 -0.261007808381154 0.43731297406299885 -0.019732818466501812 0.3816633903580932 0.4266256464560648 0.819715944777018
1305031460.891774 -1.9280979499594522 -0.26971373349270994 0.4481681315022118 -0.02657725410770323 0.38660607901085225 0.42354008803089693 0.8188059495794653
1305031460.927562 -1.9286916376814185 -0.2798922373340244 0.46402446027323796 -0.03302092795592354 0.3903233415141182 0.4212066397695222 0.8180111698505415
1305031460.991668 -1.9112187487592294 -0.2933540956630876 0.48086446426093366 -0.03629993201444249 0.39154065601380733 0.4224230976160318 0.816662082029343
1305031461.027620 -1.9126357374240672 -0.31059319212472314 0.493386249905378 -0.036980908473353266 0.396416121139008 0.4223266908757581 0.8143260019694333
1305031461.091728 -1.9129861849839336 -0.32652645389967655 0.5122094577791914 -0.034989760783115324 0.39726408125512613 0.4216351173950531 0.8143591309515239
1305031461.127586 -1.9028121160232787 -0.33012342905485503 0.5193456077351947 -0.03580371832135139 0.395536853309689 0.41999613350834425 0.8160097666488292
1305031461.159720 -1.89328487025687 -0.3421820899949605 0.5299286792451288 -0.03655182502004388 0.39701196612035744 0.4184798131385534 0.816039281432257
1305031461.192013 -1.889544225198865 -0.3498776804679363 0.5357874210512 -0.035440048566823965 0.39696628805862266 0.4146028766446401 0.8180869292321749
1305031461.227607 -1.8882637056062708 -0.35402378775144955 0.5414062470362871 -0.0343425008915985 0.39791329918402707 0.4116380972910258 0.8191701140932927
1305031461.259642 -1.8835963788595296 -0.3604349884018286 0.55167301976257 -0.033538563081488074 0.3992524421216313 0.40754106979898636 0.8205991278775772
1305031461.291656 -1.877981066093099 -0.3650061591279949 0.556019171564552 -0.033023278951866776 0.3982765117357532 0.40168411657000674 0.8239752142766441
1305031461.327751 -1.8721774255887271 -0.3675125090788811 0.5584851050305686 -0.03269709592535009 0.39903020008521506 0.39736855855464287 0.8257142532439462
1305031461.359709 -1.8772812876706038 -0.36375534506543855 0.5604476291190301 -0.033151847569067035 0.4015726158311529 0.39379212287626464 0.8261768292429218
1305031461.391708 -1.8715524664805494 -0.3698909359195978 0.5726793301145452 -0.04014390619841217 0.40360349626474534 0.3937697705948092 0.8248866906210323
1305031461.427624 -1.8623957683025103 -0.37101229009159986 0.5791717001750698 -0.041021406336408335 0.4041148979615236 0.3921180470468035 0.8253798099347548
1305031461.459781 -1.865760592934887 -0.37255300595244156 0.582734403164146 -0.043934090659627084 0.40594089173685877 0.3933342232083997 0.8237535899447367
1305031461.491677 -1.8500210279439513 -0.3767572581432762 0.5884519899154793 -0.04815959548419753 0.40519313376788035 0.39438279372704116 0.823384108252168
1305031461.527705 -1.8425707286758612 -0.38033807631919114 0.5868240314983012 -0.04623688860806145 0.4050632115892926 0.3931826072443253 0.8241318960635906
1305031461.559677 -1.8382478330152794 -0.37763883242585217 0.5818512482641349 -0.04661286164737487 0.4057406607196719 0.39031631118847815 0.825139342528295
1305031461.591690 -1.8300039762787277 -0.3760857624663049 0.57375367112441 -0.047918518113003565 0.40874028982381366 0.38630390399384773 0.8254722798832871
1305031461.627541 -1.8294855917903996 -0.373837611978603 0.5701881746693486 -0.050638926456918955 0.4143049445964306 0.3851000457845896 0.8230948103025237
1305031461.659622 -1.826093261883908 -0.37155566759094033 0.5689153275579795 -0.052971460177854625 0.4191423181296305 0.38499885208367185 0.8205422752386387
1305031461.691563 -1.827911163771211 -0.36975018883636185 0.5671190810981152 -0.05480228113221599 0.42317151870122693 0.38940233003029084 0.8162649086600404
1305031461.727602 -1.8201608679933636 -0.365169323206789 0.5635237207906364 -0.05768592176968764 0.4232472594390286 0.3951463762749289 0.8132609870906918
1305031461.759684 -1.818273455938497 -0.356811181012924 0.5571134650910374 -0.05777320705129295 0.42471613290648763 0.39786561906777285 0.8111605341483188
1305031461.791612 -1.816212017122288 -0.3485302759353833 0.5493643715962778 -0.06136727802577141 0.4258744103245122 0.4020001328065959 0.808245592033719
1305031461.827615 -1.8099431271022997 -0.34022417573260366 0.5423987769719687 -0.063496328341297 0.42896871216209076 0.4064554405344918 0.8042064630013146
1305031461.859767 -1.8128361922508591 -0.3305525756510878 0.535572822266241 -0.06462843188807033 0.4331967605760878 0.4122628543016222 0.7988761301861218
1305031461.891723 -1.821002811621682 -0.3226005907681303 0.5320208731766511 -0.06830549207045943 0.4374154995783542 0.42112239262932044 0.7916173134209415
1305031461.927758 -1.817334070283392 -0.31222289046636653 0.5252655342472273 -0.07381995783060215 0.43457235726885257 0.43131049642301805 0.7871904063179453
1305031461.959703 -1.8077317775037565 -0.2949735282906072 0.5138375718622135 -0.07796550768079566 0.43343794273124286 0.4354515278304959 0.7851336805430473
1305031461.991590 -1.8109071903069838 -0.2830686928247974 0.5022027835158205 -0.08516046584335665 0.4357700984775709 0.4414012492472472 0.7797544828297954
1305031462.027675 -1.8188251312245303 -0.2735200779347822 0.502915926952166 -0.09079303593062882 0.437100651997703 0.4506277676213684 0.7730680821882806
1305031462.059837 -1.8205707972804863 -0.2684921859795976 0.5074794922823104 -0.09520502207613489 0.4351651232299145 0.4623644743386908 0.7666722977682732
1305031462.091777 -1.8222214790375382 -0.2563971345795782 0.5039443982437133 -0.09529866457311735 0.42941882818669386 0.4736715352686491 0.7629894568115538
1305031462.127739 -1.824748258588311 -0.24397211807932745 0.4983823279883677 -0.09628470233148786 0.42514461070552767 0.4825318924996403 0.7597001308448612
1305031462.159646 -1.826951472257669 -0.23319079058320064 0.49495055486944445 -0.0978158915892208 0.42227005358181524 0.48877715475416034 0.7571109206655562
1305031462.191641 -1.8300777183581405 -0.22162069906155704 0.4910200894733846 -0.10016722232307253 0.4200208977119274 0.48893248118716875 0.7579538257027977
1305031462.227633 -1.8387552743485582 -0.21191896581019945 0.4868891750424561 -0.10383651668824515 0.41953978409893333 0.4896983212528242 0.7572317356809867
1305031462.259765 -1.8446575192060868 -0.20449261907353677 0.4864089238313511 -0.10977131495049985 0.4178591306677368 0.48868358224945296 0.7579791301688227
1305031462.291629 -1.8503377666168708 -0.1970747085122903 0.4858224351799641 -0.1161922030631682 0.4142052282097711 0.48598596319660625 0.7607568891879242
1305031462.327540 -1.855641161402669 -0.18762658678834024 0.4833782982865292 -0.1231554775069306 0.41032168196411867 0.4819591337029182 0.76431946142337
1305031462.359732 -1.864259926920415 -0.17898657582620203 0.4824906467310795 -0.13009458302381496 0.40798767828920773 0.4765952921366192 0.7677749548827794
1305031462.391695 -1.8774652455717091 -0.17319451702095842 0.48504049050653375 -0.1383875194533177 0.40514615893156036 0.47269126675701195 0.770239216538741
1305031462.427635 -1.885030498745699 -0.165203863212786 0.48596187474353436 -0.1470382136713377 0.39834455813843855 0.469585828573559 0.7740739798783576
1305031462.459897 -1.8961844129692096 -0.15734104462893567 0.48687563842007536 -0.15445786922838353 0.3907423985334651 0.46493746386357826 0.7792921784015593
1305031462.492008 -1.9038611854417364 -0.1481998747662718 0.4846218672596818 -0.16360346354902516 0.38185582906446003 0.46130641225646735 0.7839747614147564
1305031462.527670 -1.9054983515587665 -0.14538980200314128 0.4870485051180174 -0.1725573384679007 0.3727536178905031 0.46016977588545105 0.7870975051745179
1305031462.559862 -1.9096645425086436 -0.13364279274057228 0.48126142157373886 -0.17346354380766157 0.3608335589977143 0.4560879045389082 0.7947913971628275
1305031462.591862 -1.9106664990384112 -0.1238470052959163 0.47460297230761905 -0.17539639568379164 0.35221473589127883 0.44948131032722194 0.8019647348036549
1305031462.627851 -1.9153181723026325 -0.11842269015312219 0.46934006558601765 -0.17889801415307147 0.3479329145232619 0.4399672378813258 0.8083112130327738
1305031462.659660 -1.9184709072069834 -0.11354000258441686 0.46462031059449127 -0.1805704926622522 0.3452037922673503 0.430285477911126 0.8142991136448247
1305031462.692548 -1.9265113598333459 -0.11124084777030283 0.4610673138484492 -0.18029448531874873 0.34390712256665784 0.42084959212581496 0.8198215723065024
1305031462.727652 -1.9393992844196506 -0.10631645982752025 0.45313070508128667 -0.18023675298768568 0.33982047419941724 0.40883704593765274 0.8275802245440101
1305031462.759782 -1.9488934290552429 -0.10029600491901923 0.44628479956317874 -0.18245979751723507 0.33465723074323706 0.3961648276741945 0.8353241224309965
1305031462.791943 -1.9533818664010423 -0.09378155638843545 0.43576025099325133 -0.18436263521844373 0.3283874774197668 0.38853899309440154 0.8409575103739685
1305031462.827816 -1.9599881869207019 -0.08795380220414348 0.4242152553034398 -0.18688918260625872 0.3231201224570469 0.3834305083694739 0.8447762219307758
1305031462.859782 -1.961198933667259 -0.07525935201938501 0.4071392779949555 -0.18902074902770974 0.3155804065881432 0.3776615548815778 0.8497363787546678
1305031462.891847 -1.9551981001266046 -0.06747971662914452 0.3943439761200117 -0.19225944983317797 0.31164063502851685 0.3745662201280041 0.8518313009557044
1305031462.927607 -1.9545686739667198 -0.061525983602617906 0.38186790418077327 -0.19342732940104465 0.3109288369396645 0.3727084685694241 0.8526414979677938
1305031462.959676 -1.9550318874861867 -0.05467999088961943 0.3691447581776228 -0.19254358580259892 0.30834290895392735 0.3697834409521825 0.8550507732653497
1305031462.995550 -1.9493159248140257 -0.04743765347094912 0.35629552880357684 -0.18977992126934673 0.30283301191096235 0.36538626130384716 0.8595165085269354
1305031463.027667 -1.9419526548084847 -0.04332766887495007 0.34210309219998397 -0.186708159566483 0.2969699366540185 0.3593839429172384 0.8647497334190195
1305031463.059810 -1.9441370961658808 -0.0400751833480965 0.32675874563739127 -0.18287324989499207 0.2920324869855187 0.35339254791846275 0.8697057594920221
1305031463.095809 -1.9387980999189018 -0.03347774170039796 0.3052841816948425 -0.18274662428672916 0.28268101552419206 0.34699676608440666 0.8753789802713916
1305031463.127550 -1.9249258543323937 -0.0300793666928918 0.2914307241623855 -0.18293883926380436 0.2753281212329559 0.34066702532681326 0.8801555456861729
1305031463.159787 -1.9208590661335274 -0.027335143225302533 0.276600569464336 -0.18044308431208111 0.2721907183324242 0.3323337196974667 0.8848202105115307
1305031463.195657 -1.9246182263534242 -0.01672310928841661 0.25453762643061656 -0.1761022636958635 0.2694905286883602 0.32664666810902815 0.8886308580517179
1305031463.227784 -1.9206067861338052 -0.010246558278300011 0.23988678349129214 -0.17638405758821876 0.26653975839533 0.3217553334035683 0.891245604112377
1305031463.260034 -1.906843443583413 -0.009122058292790336 0.23106754925238226 -0.17603680176460698 0.26394217008872967 0.31879619196494086 0.8931486792589433
1305031463.295737 -1.9049929849343263 0.0009349304434542148 0.21111514717925786 -0.1708640792167767 0.26094502984098944 0.31362605439760116 0.8968566528925807
1305031463.327739 -1.9028361325806584 0.006053077192366856 0.19666580136607886 -0.17102481316132015 0.257553928853869 0.3094907279420763 0.8992396656803774
1305031463.359750 -1.8885453621615218 0.009288999341347515 0.19085256422626523 -0.16895125048169643 0.2522240783955482 0.30696689175983644 0.9020032242744445
1305031463.395630 -1.8823580511987004 0.018704844085920578 0.1749303015075991 -0.1628292751895843 0.24630889417344665 0.3051546831148778 0.9053723958489948
1305031463.427716 -1.8743985676287094 0.027318737521998822 0.1582165816907698 -0.16159072054097232 0.24140886243627582 0.30199253625747563 0.907970653830316
1305031463.459756 -1.861166621430345 0.03607139406758898 0.1463027395754932 -0.16090112117501673 0.23855114235514835 0.2998966776775393 0.9095417331841635
1305031463.495629 -1.8487159410840261 0.044303683332793053 0.13189597744882373 -0.16131425510838662 0.23776316727570623 0.2984990790616088 0.9101344335784817
1305031463.527670 -1.8313079601976 0.050299503113691274 0.12401197020331624 -0.16126644789204364 0.2402993578090495 0.2969061964918145 0.9099978362092995
1305031463.559751 -1.8213568449506221 0.05404920422461552 0.11416914030386816 -0.1587999600816865 0.2436419896198176 0.29725031250204037 0.9094302641157225
1305031463.595600 -1.8154064154583942 0.05946810960234658 0.09914788299664938 -0.15739790303287074 0.2417324763711403 0.29748848248441545 0.9101054404723954
1305031463.627588 -1.7930888190029644 0.061207211044884684 0.09008492737687535 -0.1579763838909332 0.2367256919584059 0.29827732145502556 0.9110625930226616
1305031463.659766 -1.7719492266491677 0.05656998157811748 0.08137180805093346 -0.15671959823006096 0.2365484210215738 0.29652247450011476 0.911898149005216
1305031463.695640 -1.764641320669346 0.054502293383499344 0.06084671962205982 -0.15394603540979124 0.23518396473470018 0.2988435267233131 0.9119658258119374
1305031463.727588 -1.7461909323930709 0.05542520321724906 0.04455751002041118 -0.15428702561550167 0.23193812637195246 0.29589090005268376 0.9137006044256534
1305031463.759674 -1.7174291853348027 0.0440139419601864 0.03798663764148212 -0.15718806282878922 0.23140349841924496 0.29262993203718296 0.9143916320151793
1305031463.795647 -1.6987547901366908 0.046258280231914146 0.017175428898982933 -0.150810895703161 0.22877439437287542 0.28409007348267357 0.9188096540443759
1305031463.827761 -1.6781523170322865 0.0423463027631025 -0.005922843178530011 -0.15152921106108058 0.22433578171352206 0.276206244049185 0.9221835316174507
1305031463.859910 -1.6551602644079326 0.028351046716926703 -0.017044694248959148 -0.15486247932278652 0.22348951646578039 0.2677500123427284 0.9243267709086229
1305031463.895648 -1.6437374979275223 0.01829772995578741 -0.03145792741382421 -0.15437742382061312 0.22545805698190496 0.25780931797463724 0.9267527346179829
1305031463.927664 -1.6281857786091471 0.003453910943507386 -0.048239420836118777 -0.15760340099416578 0.22221231410354994 0.2560803971030815 0.9274727412033993
1305031463.959680 -1.6159078777794214 -0.009455882258042683 -0.058579249303128765 -0.15843922420005951 0.21924807421937048 0.24908983223937356 0.9299363148414753
1305031463.995821 -1.5973126470308503 -0.019055931678223424 -0.07234547636183124 -0.1563026112489554 0.21388933099834317 0.24427563771370925 0.9328184499790951
1305031464.027703 -1.583336406425038 -0.021237182614628484 -0.09400180970303605 -0.15265028031443034 0.20762830262390206 0.23791890679882313 0.936473690851536
1305031464.059652 -1.562195450689076 -0.03533976626582041 -0.10761429518936584 -0.1550069609343299 0.20329130013858435 0.23064680939695922 0.9388543756434605
1305031464.095634 -1.548659978130745 -0.051252554024091804 -0.11765521166057284 -0.155443588010299 0.2039344924146877 0.2223664292175354 0.9406387111463642
1305031464.127681 -1.5463637878533398 -0.061866956579409146 -0.13222667725711956 -0.15256908634036656 0.20407130780454164 0.2170206846544149 0.9423266936982847
1305031464.159817 -1.542068056635333 -0.0742325782401643 -0.14191119234713445 -0.14759614923312298 0.2017044110518059 0.21505454639910604 0.9440774594104419
1305031464.195585 -1.5354611693037423 -0.09731295751498235 -0.14363947326889653 -0.14431439190463577 0.1979855413292548 0.21320421606800904 0.9457901690991427
1305031464.227624 -1.5345513243690594 -0.10677263402812585 -0.15733386622773332 -0.13468089464695512 0.18986967565576812 0.2122109184395397 0.9490927715342261
1305031464.259644 -1.5404716187108327 -0.10954032419069792 -0.17381622707565783 -0.12561599435095427 0.1790234727843079 0.21121926443227926 0.9526581970928272
1305031464.295667 -1.5277972589749351 -0.06469769648145052 -0.20789713441533622 -0.09555780690810771 0.15863919436224175 0.22394412660354568 0.9568444699692781
1305031464.327866 -1.508684713310808 -0.07522190681125497 -0.22265982026417547 -0.0948641485989362 0.14227688519045267 0.21864011590141277 0.960705251869542
1305031464.359684 -1.4903515469117452 -0.08186164892993678 -0.23030898918469372 -0.09185886279337654 0.13108014156728276 0.21479391605484874 0.96345395294162
1305031464.395611 -1.470272187319899 -0.08021708318102594 -0.2454721515754279 -0.08615258684881376 0.12249975089568403 0.2087417304739886 0.966435943437784
1305031464.427634 -1.449870186144651 -0.07856910736619212 -0.2642807201139552 -0.08303999106421944 0.11684510052771632 0.200447183800537 0.9691607239633464
1305031464.459689 -1.439458519906877 -0.08525240425196529 -0.27330528879692395 -0.081204972255636 0.11467894205016059 0.19198842571258984 0.9712851986536296
1305031464.495633 -1.4210649317914201 -0.08799389521603372 -0.28952402793381554 -0.07908100403880161 0.10999672702708792 0.1858710220322206 0.973190052359889
1305031464.527574 -1.4056312004191096 -0.08874209046725176 -0.3081136382845544 -0.07688569273921032 0.10764041979368136 0.17887563003493265 0.9749387874416832
1305031464.559703 -1.3877820728358445 -0.09223696478626343 -0.326223993897028 -0.07821986866051 0.10287336199026724 0.1680934609060707 0.9772631743497618
1305031464.595698 -1.3593706306676006 -0.10704571073859216 -0.32991641584570486 -0.07958564298028316 0.10193645677663993 0.15728617601295986 0.9790485907484171
1305031464.627672 -1.3287017939502164 -0.13078231265370027 -0.33938971353498104 -0.07840364365650866 0.10772883604912353 0.147352868078532 0.9800686194414742
1305031464.659749 -1.3059369150532443 -0.1454398900837378 -0.35715494546977333 -0.07216833621652552 0.1160822390586711 0.13543049797782108 0.9813130108382063
1305031464.695663 -1.2821789404529822 -0.17283269511369218 -0.36069928491010056 -0.06630139383420593 0.12366017608791739 0.12150346904076208 0.9826236273551586
1305031464.727652 -1.2692662260848941 -0.20507150581304068 -0.36209086489777786 -0.05771089941119351 0.12884937642880467 0.10784307746156252 0.9840920490110063
1305031464.759740 -1.2579497951755019 -0.21949118746502388 -0.38158307350715115 -0.04754607616341192 0.12620550213750037 0.09431756483200295 0.9863649116000869
1305031464.796021 -1.2562370442611281 -0.23371055868183538 -0.38746815788905603 -0.04155457705359919 0.12158272199920347 0.07852468842057642 0.9885973559268781
1305031464.827759 -1.27013954916591 -0.24944177339644147 -0.38103920530146024 -0.03389866393330879 0.11545971004707634 0.06577788373173439 0.9905519703433828
1305031464.859654 -1.2477543913199227 -0.25683534435439415 -0.39862910206145713 -0.029135717844785164 0.09036706406296291 0.0439994694290401 0.9945094018501155
1305031464.895817 -1.2282851705094475 -0.25770690984036304 -0.40484014957781295 -0.02835025015206188 0.07091240200769544 0.030173289576438687 0.9966229312804082
1305031464.927799 -1.2072410642147553 -0.2715253422836417 -0.390244797554123 -0.03200351203696356 0.05458457251751011 0.0105771550270425 0.9979400901115842
1305031464.959763 -1.19032181091617 -0.28446983714909313 -0.3713427796179663 -0.03106991926273497 0.04642294085534321 -0.00645119522011632 0.9984177245820423
1305031464.995687 -1.1676573236803964 -0.282632746376209 -0.36127298056185586 -0.024352526229701525 0.04012031871265433 -0.023299978738265417 0.9986262691735208
1305031465.027823 -1.1536911561820726 -0.28184145438990665 -0.35408204270888455 -0.019365650342732146 0.036259769484185946 -0.043518599824800185 0.9982065578691856
1305031465.059749 -1.1638096986471254 -0.277734471822435 -0.3463494545729198 -0.013440143535636646 0.033249585823744515 -0.061607424727133514 0.9974559402814662
1305031465.095700 -1.1639340151173698 -0.2617938592924451 -0.3420828129368194 -0.010832874509229201 0.024268716014466386 -0.07578328573322426 0.9967700697033168
1305031465.127664 -1.1505744701848608 -0.23346464749491097 -0.33216056670476224 -0.019011320332417585 0.010216953628571373 -0.08806261351734516 0.9958810971487847
1305031465.159842 -1.146414554113521 -0.23328390885543426 -0.30568374230152556 -0.037552419527610584 -0.001154895091680909 -0.09730840795600387 0.9945448988085053
1305031465.195564 -1.1695885931664345 -0.24409657068184593 -0.28217367184941533 -0.055552279541685436 -0.005931821227936923 -0.10381150050434422 0.9930266512524631
1305031465.227907 -1.160973038396383 -0.233724895698953 -0.2630033851370095 -0.06761089919790086 -0.014951838046746782 -0.10924942868069216 0.9915996022496277
1305031465.259807 -1.1542710776448575 -0.22630725821186373 -0.24062553833387693 -0.07976527981827627 -0.022991252864317878 -0.11077130390527125 0.9903729704805002
1305031465.295623 -1.1466295253049401 -0.2181841995065203 -0.2217327346009053 -0.08787541400848088 -0.030618396821811483 -0.10251569473890416 0.9903691017600975
1305031465.327674 -1.1374600153312202 -0.200779061533674 -0.21369319669384537 -0.0936066109406093 -0.04031247725606022 -0.08960491653617794 0.9907490426431106
1305031465.359948 -1.1335861850520457 -0.19461345487908735 -0.19880027447978088 -0.10048049301573822 -0.05076172544753787 -0.07753506910798331 0.990613562804046
1305031465.395586 -1.1173968364148872 -0.18499945215766325 -0.18465606387640007 -0.10069156859098388 -0.06532730498668585 -0.06321049400596082 0.990756269061866
1305031465.427697 -1.0917380717943652 -0.17313416636936688 -0.1775076092983451 -0.09816558469503948 -0.07947213450898352 -0.0507689943384658 0.9906917820553123
1305031465.460125 -1.0683068049720688 -0.1559337508815022 -0.1762785291767625 -0.09445854210436712 -0.09050815426831448 -0.03618160916922867 0.9907455520931638
1305031465.495703 -1.0433859483611867 -0.13989152856080397 -0.18182238823545574 -0.0947229101890761 -0.10099251423017075 -0.024909532310719008 0.9900543407080464
1305031465.527622 -1.0234182031194543 -0.1351535810181739 -0.1738515582461647 -0.09748027289011434 -0.11065216628835657 -0.019525944589726004 0.9888743256758384
1305031465.559812 -1.0051363444032153 -0.12896424567698686 -0.16802372460850307 -0.09450541665800391 -0.1181564476386435 -0.013948423700488927 0.9883892055157156
1305031465.595599 -0.9758073931431986 -0.11219969508563918 -0.17242017748994765 -0.0881119562994909 -0.12513197178656693 -0.004747818112641698 0.9882083439321154
1305031465.627688 -0.9600652166689011 -0.09922372082559532 -0.17896385417989968 -0.08418937725503595 -0.12727352549294127 0.004914158819999331 0.9882759986507317
1305031465.660060 -0.9442706539161605 -0.0862341917228778 -0.184332441455191 -0.08016680178270234 -0.13428345167519984 0.014045368546194415 0.9875950415633582
1305031465.695668 -0.9166877763780621 -0.07306715942283225 -0.18641458107651593 -0.07503548241410975 -0.1428276820283776 0.02209778533325829 0.9866517204711346
1305031465.727682 -0.893139901650233 -0.05741274328930999 -0.18880119051460295 -0.06863607060057893 -0.14664139307220167 0.031643082465377274 0.9862981836049622
1305031465.759766 -0.8693667980388802 -0.03717898411646307 -0.19479842664404043 -0.06119591250870622 -0.15099403316183702 0.04164267388411468 0.9857594787540886
1305031465.795937 -0.8432026288600688 -0.019517405782739666 -0.20009122333910928 -0.05550014010096773 -0.15530535391568415 0.04809009605194961 0.9851331504703379
1305031465.827996 -0.8225789203399924 -0.008189781073266024 -0.1983089475954819 -0.04935133376477272 -0.15806015656929998 0.05546971468401251 0.9846342181306735
1305031465.859861 -0.796252997292909 0.01572723309388803 -0.20493749180971843 -0.03822554148165397 -0.16085096642853597 0.06192458660813728 0.984292192466675
1305031465.895494 -0.7534272059247531 0.04948069439631291 -0.21087594917848976 -0.029251577869530337 -0.16552677971873425 0.06604066332209743 0.9835567401914684
1305031465.927495 -0.7266838837423489 0.06676374597196258 -0.19934450126520586 -0.025144989471063986 -0.16269908126462154 0.06939120205239042 0.9839113778882094
1305031465.959710 -0.7056129958112745 0.0834518464973696 -0.1997830410665378 -0.01662709069879592 -0.15558665821762252 0.07029872823699582 0.9851773548188316
1305031465.995753 -0.688128020219328 0.10550829325348249 -0.20994829440211574 -0.008202518334813688 -0.14930642298190636 0.06670104787269693 0.9865045772635835
1305031466.027644 -0.6762907478976868 0.12833437751065757 -0.21811724021307397 -0.0011183452849468517 -0.14553766015645528 0.06458453488890087 0.9872418025150649
1305031466.059757 -0.6597026060390413 0.15324520441499187 -0.2288464259263626 0.0007611464067566594 -0.14429086362121857 0.062390641945574386 0.9875661877207075
1305031466.095840 -0.6469948681135184 0.16834527313706701 -0.23371534604982486 -0.004069680844431952 -0.14551551707169724 0.06336588578530661 0.9873162798758192
1305031466.127640 -0.6331633628737714 0.18301660155277633 -0.23854713576974446 -0.009865146658680093 -0.15001128305727313 0.06326194023081808 0.9866089502711538
1305031466.160428 -0.6218944064277685 0.19684994291785263 -0.245627028537816 -0.015234597981289484 -0.15447459772783345 0.06511953335396928 0.985730669126682
1305031466.195833 -0.610454936208984 0.2121695142867679 -0.25653436161949555 -0.02166943746273533 -0.1619703023208969 0.06595014258360558 0.9843508700353398
1305031466.227951 -0.564163007136886 0.19569710322169095 -0.2550640673696474 -0.044492041512589384 -0.18315087607675756 0.07232454286360446 0.9794107286189644
1305031466.259815 -0.5418425527049435 0.19816302239139233 -0.24949228958701236 -0.04940134386476601 -0.19019309043805716 0.06607097318000422 0.9782743593067466
1305031466.295737 -0.513073125858213 0.2004215946597789 -0.2558600618396402 -0.04937362869890048 -0.1916858634011376 0.05566594514862404 0.9786317372290639
1305031466.327702 -0.490657039271023 0.2096276017178611 -0.27011326251129414 -0.047733198907711695 -0.18532702092602235 0.04529851016722437 0.9804710510837912
1305031466.359829 -0.47270684597024076 0.2149944617234419 -0.28559163778487257 -0.052049789643929305 -0.17809644116643183 0.037207624967001716 0.9819307866067707
1305031466.395784 -0.4671287713696251 0.20803386761093506 -0.2880236717329501 -0.05517662589315004 -0.17228388686346108 0.030491165223049784 0.9830280215363183
1305031466.427819 -0.4623525485025275 0.2144516277816623 -0.30125182523312793 -0.04942667849024923 -0.1699684697943535 0.02687765987164995 0.983842118497177
1305031466.459790 -0.4432484571827315 0.22327190522881413 -0.3192372435256619 -0.04738986486622396 -0.17503381898366838 0.023357121009962352 0.983143838824249
1305031466.495809 -0.4170500395941724 0.22749569258550606 -0.32466406095128664 -0.05146118904511782 -0.18205363349651354 0.02156475753773336 0.98170422316761
1305031466.527538 -0.38558738894109984 0.22960320691186162 -0.32109609246921683 -0.05518209450594203 -0.18599901215415057 0.021479244915719158 0.9807639603704196
1305031466.560353 -0.3646935616762534 0.23967550335926502 -0.32758668822558673 -0.056133145997502826 -0.1837264953567971 0.01833507154795065 0.9812020535932776
1305031466.595936 -0.3626246230337794 0.24994698369181895 -0.33256763322367355 -0.06274187371980328 -0.1807417033287378 0.006174354610691146 0.9815079068989196
1305031466.627549 -0.33532596178421287 0.24702987808621393 -0.3207980730025054 -0.07056950220839976 -0.18299706037321273 0.002589187054602156 0.9805739734274103
1305031466.659688 -0.31230604855857186 0.24434238124352087 -0.3090959569549063 -0.07042752359498788 -0.18352869040149988 -0.000137553412376262 0.9804882277716794
1305031466.695822 -0.2967141135162262 0.26773570414438796 -0.3228570236971937 -0.06199036803059277 -0.18281478652843944 -0.006447940581566438 0.9811698997422675
1305031466.728074 -0.2735686560847439 0.27498837851880475 -0.32447713456591665 -0.06458291243932246 -0.18722066261949014 -0.0162994785875039 0.9800570380885756
1305031466.759637 -0.24940795590463197 0.26343484282998353 -0.30738790673461475 -0.0687381337396324 -0.19266393815046437 -0.022809342376067642 0.9785884782720058
1305031466.795604 -0.23726876297857466 0.27420499213289773 -0.31083902602021074 -0.060106365307536574 -0.19246708506493337 -0.029120419568261505 0.9790279092958972
1305031466.827879 -0.21986802584599358 0.291096577350218 -0.32417035257595905 -0.05485218633440511 -0.19535572206342508 -0.03270130403985674 0.9786511146601266
1305031466.859665 -0.2098450164522892 0.2874956376660956 -0.32036896021263267 -0.05867094186636448 -0.1997993799664271 -0.03252021686825306 0.9775379091576905
1305031466.895694 -0.20851190186507884 0.2856253927013937 -0.3262008033244506 -0.0576478844661802 -0.20509104286804122 -0.03005836926431908 0.9765812203749595
1305031466.927756 -0.19140596791558112 0.29081371222678676 -0.332800090301419 -0.05470675153781539 -0.21809818526812408 -0.030392184703290897 0.973918203971922
1305031466.959728 -0.1683285997562076 0.29228881879700813 -0.3275476058766872 -0.053661315388280714 -0.2310506330313275 -0.02997972066808637 0.9709980867928052
1305031466.995712 -0.1423314146983214 0.2935825995918533 -0.32538532212916704 -0.052585417274498905 -0.2397973632271468 -0.031184353847142438 0.9688960390849543
1305031467.027843 -0.12400560600816397 0.2941712326896262 -0.3254327615823149 -0.05171302105624341 -0.2449507468614705 -0.03481299084757799 0.967529302260915
1305031467.059700 -0.10123826544039397 0.30017922871053965 -0.324265461070747 -0.049364338307220014 -0.25006613661014604 -0.03573339888165102 0.9663090673427076
1305031467.095687 -0.08129899763445055 0.30361550003253907 -0.32491132418974183 -0.049945146063181074 -0.2533190823929205 -0.03995865544325888 0.9652658860311524
1305031467.128974 -0.06874400169412775 0.3016125381193742 -0.32057230323471125 -0.0493713041627096 -0.25723676892569414 -0.049312327343827254 0.9638257173420307
1305031467.159660 -0.056125981962884326 0.3030024618514173 -0.31899685197322136 -0.04626940705199042 -0.2606987913952275 -0.05701980474141926 0.9626235110381304
1305031467.195663 -0.04768786899471687 0.30582548137062665 -0.32186053637668005 -0.0436880131454843 -0.26367856613773644 -0.061836142906913874 0.9616346825574384
1305031467.227704 -0.03639414349044297 0.30586181836122844 -0.3231190346429474 -0.042274289847587895 -0.26970576642872407 -0.06695249424908851 0.9596817428120663
1305031467.259694 -0.021230402558986356 0.30710052609974464 -0.3203902698802992 -0.03964513621292866 -0.276236665071765 -0.07043822071224762 0.9576847211413488
1305031467.295846 -0.007504775354777345 0.3087001783090083 -0.3214143776944762 -0.036313226201171556 -0.2817421929524245 -0.07610234850263754 0.9557777560006337
1305031467.328008 0.0009592797059072011 0.3016656765051296 -0.3155939565602605 -0.039768200916616335 -0.2869297862280095 -0.08019151937994275 0.9537605088231235
1305031467.359654 0.015628931723025374 0.310607712874104 -0.32250563618411565 -0.03885252161503755 -0.29206825024408994 -0.08191891768347574 0.9520902844211147
1305031467.395756 0.03169028466892518 0.31537185198863465 -0.32539008169830164 -0.04206363998369775 -0.29936046596939225 -0.08498621585815204 0.9494162968477129
1305031467.427783 0.042362403869497876 0.3123150456942885 -0.32004351006036547 -0.04457594351161076 -0.3056398487889901 -0.08870206234719631 0.9469578724672233
1305031467.459692 0.05268642939001662 0.3146301837728708 -0.3228798649609104 -0.043669013493659765 -0.3106179257143893 -0.09029642855283734 0.9452280552734275
1305031467.496058 0.07332687920871653 0.32824531639860977 -0.3288663510046491 -0.0422411743892084 -0.3181423138655689 -0.09231610381550899 0.9425915808507994
1305031467.527663 0.09433026025492043 0.3278111919640504 -0.32272131168436946 -0.046540400905123264 -0.32498232557949647 -0.09770357209897411 0.9395075790772718
1305031467.559763 0.1045208783443459 0.3213540181315062 -0.31452795456267635 -0.04827763684881844 -0.3267982589885325 -0.10173955987248863 0.9383609271806413
1305031467.595989 0.11522806582431551 0.32248440781635507 -0.3167889765025703 -0.04794611853188284 -0.3266382411831847 -0.10123286862485868 0.938488431161763
1305031467.627532 0.1180676334887533 0.30843496863316755 -0.3159859289265616 -0.05112397377135398 -0.32826893353692377 -0.10040500834885004 0.9378404346576374
1305031467.659626 0.12705907434733094 0.2949307386880621 -0.3086551721435141 -0.0493033625600097 -0.3329977478610732 -0.09791097475888595 0.9365335655391623
1305031467.695886 0.15037169152418645 0.2989819565475303 -0.3056020419419849 -0.04359749913150582 -0.33960271376287904 -0.09618257896279549 0.9346219376723588
1305031467.727535 0.15950425478224053 0.28528211969851613 -0.289407040366718 -0.0423424804546576 -0.3431561410343696 -0.09995626797836109 0.9329843094667709
1305031467.759907 0.1649087071345859 0.2764513137283119 -0.2785981010481948 -0.0372379826120929 -0.34506412704742856 -0.10261131859459682 0.9322097393678411
1305031467.796075 0.17551169894527335 0.27373807732359395 -0.2717255361268804 -0.0321320899478537 -0.34811298501035526 -0.10454864357727225 0.9310501917667589
1305031467.827800 0.17872507480159713 0.26050490617286515 -0.25898137579603725 -0.029627229697335597 -0.35040145456123256 -0.10598085625667866 0.9301124157911976
1305031467.859729 0.18161929016483022 0.2470899718831174 -0.24250305800055397 -0.025509365893392817 -0.3547622320140586 -0.10379645053469654 0.9288268556865275
1305031467.895947 0.18701828424416023 0.24785596822711797 -0.23495733321639586 -0.018844361443751855 -0.3608133921729178 -0.10132759214566367 0.9269257279525766
1305031467.927754 0.12011799029674032 0.20799930787446644 -0.2817531903941139 -0.04187259604896204 -0.3279340165483186 -0.0757938453418672 0.9407237955419768
1305031467.959826 0.12451321810332193 0.1983422593225633 -0.25684622641369326 -0.036714905416194155 -0.33481045083570976 -0.07640097924747666 0.9384651661630804
1305031467.995754 0.13968940732330104 0.20606213241135854 -0.24434641269954993 -0.029712870765954774 -0.33967322023089647 -0.0764959657796431 0.9369565710257125
1305031468.028107 0.14564534096727927 0.19220046703902977 -0.22458271403081617 -0.033313252170489575 -0.34210664527269724 -0.07945205559370253 0.9357032870264077
1305031468.059850 0.13616140311516897 0.17611708913560914 -0.20590628953224696 -0.032688886640071996 -0.3417218478800165 -0.08301814551341408 0.9355563066364395
1305031468.095867 0.1451191432274062 0.17732536738052251 -0.192843787151313 -0.02790741325408308 -0.34595994211527825 -0.08430839121154579 0.9340369317689652
1305031468.127816 0.15129457911143201 0.16384458212006553 -0.17143738167403796 -0.030842252088623116 -0.34993296671757157 -0.08553781658917546 0.9323513051546075
1305031468.159864 0.15533407455056455 0.1571754581865013 -0.15075891416147746 -0.028483372924469362 -0.35312293521218213 -0.08803646388239078 0.9309900488840176
1305031468.195985 0.16538737739393833 0.1505249761683114 -0.13134677274329645 -0.028131390652453712 -0.3562685328729282 -0.09070278638351248 0.9295452446690261
1305031468.228158 0.167362134438271 0.13654086656510703 -0.11036846526023783 -0.03128551656988999 -0.3559789595605114 -0.09151677190897443 0.9294755926125947
1305031468.259754 0.17248984631767797 0.12464320083675005 -0.08929446491171553 -0.03267772204388916 -0.3552679562665834 -0.09078709731995359 0.9297712346015051
1305031468.295830 0.17779757899917242 0.10933391831609911 -0.07180665887869767 -0.03507658107365626 -0.35356762102335976 -0.09186709306694894 0.9302257833641766
1305031468.327847 0.1761323943672583 0.08948077696209968 -0.05300575379382419 -0.03678635279133032 -0.3507265570264589 -0.09177557810547196 0.9312437327080849
1305031468.359787 0.18415081550342627 0.07830429300476494 -0.036870519486248074 -0.03451255894441628 -0.3488890298810294 -0.08793330422309728 0.9323910457057132
1305031468.395860 0.1969433381949298 0.06919294405719534 -0.02596224614973905 -0.03615251222172289 -0.34924052384432075 -0.08637761992823179 0.9323427262227871
1305031468.428025 0.19540867619266875 0.04832904252889547 -0.012736915642346969 -0.042309872284311725 -0.34830513129654384 -0.08732544613533096 0.9323452561562431
1305031468.459759 0.1982843779385317 0.03316873695465174 0.0016118555254013948 -0.04439343228329057 -0.349070208917851 -0.08549590728088625 0.9321317837378883
1305031468.495809 0.2086135657342645 0.01631635952613782 0.01606469225184442 -0.04826401332523766 -0.35033899927645623 -0.08578916971207527 0.9314361969366596
1305031468.527756 0.2059314287004421 -0.008192654281890015 0.027577161336479132 -0.05105664326806831 -0.34887474848454153 -0.09126587435038044 0.9313163636633408
1305031468.559739 0.19930961797980903 -0.02646791833130236 0.036896243946377486 -0.04542842236326093 -0.3487933325245035 -0.09933354663194018 0.9308127180811179
1305031468.595768 0.20163704172765343 -0.03886529307251507 0.03823887609668058 -0.04183599245294585 -0.34970137143772984 -0.10498855559216161 0.9300194104128806
1305031468.627626 0.19929071142529614 -0.05547341540933194 0.04273759366721216 -0.04782529436791562 -0.35067224479337944 -0.10698146015809339 0.9291376029053171
1305031468.659579 0.1900021633982623 -0.07694658537497336 0.048816344856721386 -0.05116135320179287 -0.3518315527134922 -0.10983706839566293 0.9281879620314105
1305031468.695835 0.17746185295323258 -0.09540351215495396 0.05492904681496712 -0.04807167371082814 -0.3557695301469282 -0.11289529655102135 0.9264835711561932
1305031468.727785 0.17082131178488955 -0.11130941183207793 0.05854672600817241 -0.044215195863762824 -0.3605167007453759 -0.11365619490661036 0.9247459079648589
1305031468.759628 0.16908165571923753 -0.1277358609713003 0.06598895657630598 -0.04362145662084506 -0.3654340733856132 -0.11370493177703477 0.9228360065692367
1305031468.795796 0.16196806609291176 -0.15358567542117704 0.07863393661841464 -0.044652767827707954 -0.3681403141784418 -0.116354868428844 0.9213796090617763
1305031468.829247 0.15425142568846117 -0.17037582796040057 0.08567911174313611 -0.03758960021326536 -0.3702148281061246 -0.12154142586362547 0.9201932866551455
1305031468.859659 0.1588000671658872 -0.18238738046666744 0.08852167206998102 -0.03514638155613428 -0.371123613483031 -0.12568723464080697 0.9193664744959746
1305031468.895873 0.15893520502892278 -0.1941587879567945 0.09740548992388653 -0.038010724265508895 -0.368621510296671 -0.12865108405833117 0.9198490449840296
1305031468.928141 0.15375412263382565 -0.20128189048970183 0.10255822070203513 -0.04248047900389285 -0.36275573560308616 -0.1274446552491968 0.9221505002108275
1305031468.959594 0.1536658498099537 -0.2025977459092175 0.10534182799510959 -0.04815431578307378 -0.35788948668095694 -0.12557824011466395 0.9240272630200969
1305031468.995711 0.15336353830467647 -0.2011470746892309 0.10732990158208479 -0.0591884003490267 -0.35532080116326875 -0.1269305887667895 0.9241928841752324
1305031469.027699 0.14730893552289556 -0.20484721590812033 0.11764756691115295 -0.07664550854105741 -0.3541664309850395 -0.13344178906779255 0.9224342221070242
1305031469.059832 0.12954447502971303 -0.21199384570489177 0.12017513425993928 -0.08933117676403311 -0.3508703766252864 -0.14398016344816142 0.920966683544104
1305031469.095723 0.12829036437949082 -0.2161525646123166 0.1324264720730106 -0.09998454681324119 -0.3526151062466287 -0.1542914866220571 0.9175291899450325
1305031469.127679 0.12930581244122957 -0.22169602813424502 0.151944454296532 -0.11164177080933892 -0.3509299627357728 -0.1658612637893354 0.9148083501144002
1305031469.159703 0.12383905165942298 -0.22544614076351016 0.1656229159996022 -0.12165608437420282 -0.34443870073689886 -0.17580164426331665 0.9141419804624064
1305031469.195540 0.11489325794899827 -0.22974198357304573 0.17847855918928834 -0.12997278921934763 -0.33626998771946176 -0.1836121089887523 0.9145032328288409
1305031469.227754 0.10343975379090932 -0.2311180841502108 0.18611883681387964 -0.13495360170222045 -0.32962018039139224 -0.1888109346666715 0.9151439739279525
1305031469.259586 0.10031742913376741 -0.22823248267597337 0.1962813991208298 -0.1389427569121165 -0.32801142389758003 -0.19294950041275313 0.9142613993737317
1305031469.296754 0.09450750229605535 -0.22766251462240697 0.2079958961411137 -0.1446640928231175 -0.3240527672345466 -0.19661160288070756 0.9140054605460398
1305031469.327618 0.088415678832117 -0.2226451393714473 0.21552249346522132 -0.14955744440596003 -0.3206670255327828 -0.19967288418853996 0.9137483071823159
1305031469.359592 0.09060138574129158 -0.21894385262355145 0.2327379928131277 -0.15580225649636345 -0.3194605967581451 -0.20465985231646114 0.9120224387806355
1305031469.395695 0.0853032098125123 -0.21617568278248336 0.2483142320966545 -0.15835816368370212 -0.3108225175499144 -0.2124523307713976 0.9127847839049807
1305031469.427651 0.08032080899184302 -0.20953392496624582 0.2572907478843861 -0.1573146371436515 -0.3002285716554059 -0.22099741597605385 0.9144807553109172
1305031469.459668 0.07366814776033843 -0.2032286254732587 0.26572250151309584 -0.15776242959573086 -0.2917778650834897 -0.22974751572545132 0.9149823890509363
1305031469.495744 0.05982718785907692 -0.1955718543036116 0.26972956468889486 -0.15888747216770718 -0.28442126696743253 -0.23521085448053858 0.9157156589353128
1305031469.527622 0.05037118624402548 -0.1802156343571057 0.27147267333622727 -0.15948434575976836 -0.28091561500856316 -0.23640436103548979 0.9163864571158522
1305031469.559645 0.04890450288566491 -0.1702547200930934 0.28243160760364044 -0.16608330419291187 -0.2826423292943494 -0.236806207434361 0.914577754966731
1305031469.595755 0.04587235891664083 -0.15701619018844215 0.2907831809506215 -0.17353694822138663 -0.2830401687882359 -0.23671776885625556 0.9130924862039188
1305031469.627752 0.0433419739985775 -0.14306746838004417 0.3003167476026397 -0.1821919844916918 -0.2821425594502581 -0.23649978791802773 0.9117398243186304
1305031469.659590 0.03657166104492974 -0.13144045907133003 0.31205130423544136 -0.1886418498000056 -0.27889726179815016 -0.23710711905734105 0.9112687770124995
1305031469.695613 0.032672846141104994 -0.1171648189346919 0.3192744834162516 -0.19287176459032013 -0.2755600290606443 -0.2369906097864532 0.9114288802100583
1305031469.727679 0.026573286885371677 -0.10319949975705742 0.3264896100102002 -0.19848632533019614 -0.2709222438256426 -0.23690643256686408 0.911635705019192
1305031469.759599 0.019416849075929506 -0.08658235579289378 0.3301464245004286 -0.20403092155395447 -0.2657887456473033 -0.2355354718222443 0.9122777906156395
1305031469.795621 0.00883535668903433 -0.06995385120643463 0.33383337628968984 -0.21032209793877105 -0.26282275332789246 -0.2339358244778756 0.9121199731820583
1305031469.827526 0.00014793608781879866 -0.05330939531070211 0.33754785189452763 -0.2154758458736017 -0.26364120367307387 -0.23199744037933806 0.9111754294472096
1305031469.859574 -0.009346029983125307 -0.03641308897767481 0.33889940672034186 -0.22174013631992126 -0.26394746911164413 -0.2298675783274977 0.910123036697915
1305031469.895755 -0.02010445833625695 -0.021435805923362805 0.3416383489531739 -0.2279871899376737 -0.2645954882635309 -0.22763891220255653 0.9089508207082198
1305031469.927854 -0.03370844184769223 -0.00753480123400822 0.34230978551613545 -0.23341098859604845 -0.2646106146722944 -0.22561227599022946 0.9080746852147553
1305031469.959805 -0.046877924709326904 0.008621014286293138 0.34126216773161805 -0.23553387972889567 -0.26613016231661574 -0.2233124125649971 0.9076508660270142
1305031469.995551 -0.058796542292731506 0.02366753113619319 0.3392335958877388 -0.23777055543589065 -0.2670989770332105 -0.221342853118126 0.907265474273683
1305031470.027694 -0.07010576071883315 0.041285831500427486 0.33434890171633735 -0.23847685809245248 -0.268363319255711 -0.21961587566785395 0.9071266638055867
1305031470.059638 -0.08221046691043109 0.05439795228618146 0.33104878850564273 -0.24144479056437093 -0.269081443634053 -0.219364898178064 0.9061890703647179
1305031470.095944 -0.09491256411857624 0.06879853156892711 0.3248037640716722 -0.24276446482448832 -0.2678284273711963 -0.21741879129103728 0.9066765781158674
1305031470.127633 -0.10742999338984183 0.08383005531541257 0.3156092861113527 -0.24536183316644714 -0.2656995553898219 -0.21545616489287076 0.9070721901262934
1305031470.159626 -0.12182324230072047 0.0950107416418641 0.30878407246277 -0.2499845418757498 -0.26486547831629953 -0.21312691347640011 0.9066040624062278
1305031470.196092 -0.13545986498492324 0.10870679400092799 0.29985450761921467 -0.2513899686321556 -0.26457857854611255 -0.2093232758938863 0.9071852212281113
1305031470.227618 -0.18962942189893395 0.06633182524531411 0.30426423303472094 -0.27634313743994815 -0.25961956175414447 -0.2589794654771157 0.8883477866272995
1305031470.259965 -0.20056745909406032 0.07876312291772178 0.29506403488005634 -0.2805573102993706 -0.257895240889327 -0.2563677300825608 0.8882866808280627
1305031470.295718 -0.21044318375359405 0.09116928915894557 0.28572343581210735 -0.2853851147209868 -0.25606675670957957 -0.2538631872985285 0.8879969789017086
1305031470.327644 -0.22249791798124846 0.10276506274995867 0.27684338284710913 -0.29187423550185637 -0.25397480909334763 -0.2513933480240133 0.8871908540812878
1305031470.359624 -0.2361351491590793 0.11468802886953522 0.26746699934365764 -0.2972877740025097 -0.25239337136003 -0.2471483808279745 0.8870373404633337
1305031470.395823 -0.24882032023288433 0.12540503136024847 0.25867807833325 -0.30129896540209333 -0.2521132214325697 -0.24398083266261206 0.8866404064330599
1305031470.427641 -0.2610230671592676 0.13389206757732774 0.2518049738332976 -0.30334909862366227 -0.25415650069335716 -0.24430255179850707 0.8852683551919495
1305031470.459721 -0.2735608244921856 0.1425668097632055 0.24350072783513027 -0.3025409118269229 -0.2552905321693925 -0.2436806930835572 0.8853900048418902
1305031470.495686 -0.2861086349155343 0.15003218991983164 0.23429602147046646 -0.30159514397858084 -0.25553151752213304 -0.2417262146672667 0.886178565427991
1305031470.527689 -0.29813158026730496 0.1611737657035431 0.22359440382184975 -0.2979777042016541 -0.25454168954612155 -0.24282707236966777 0.8873853892227979
1305031470.559677 -0.30836715227824146 0.16697862526919446 0.21620635159200682 -0.29920456302565984 -0.25353397021718926 -0.242324556099579 0.8873984251291401
1305031470.595760 -0.32030121149631746 0.17372472734113092 0.209115185569444 -0.2999602051830798 -0.25118043618085845 -0.23953157213084936 0.8885701377713775
1305031470.627729 -0.3303361925236909 0.17877117216792107 0.202776680745433 -0.3032711986438753 -0.24933245569430731 -0.23607986348988455 0.8888904345672496
1305031470.659690 -0.3410656233045527 0.18440787028681646 0.19776055978265977 -0.305417937478306 -0.24784907061409295 -0.23254205071161682 0.8895026229939215
1305031470.695630 -0.3507916281076044 0.18958385404537254 0.19218746823745683 -0.3082848240216504 -0.24748587225517965 -0.22963701206776732 0.8893694693436605
1305031470.727654 -0.3617995367076387 0.19347894274785332 0.19098256821601672 -0.3097625723204255 -0.2480394624052561 -0.22794263448678298 0.8891376323507925
1305031470.759682 -0.36724562331680183 0.19682434217360753 0.18750263488952232 -0.3107900249166647 -0.2460084381103459 -0.22450977666252786 0.890216136100527
1305031470.795615 -0.3770385003257717 0.19965397432794327 0.18343864678761262 -0.3140511057250889 -0.23964834460758214 -0.22247708921069861 0.8913161721275074
1305031470.827831 -0.3904223380922134 0.2039399628220091 0.18106673246182822 -0.3123141400496413 -0.23529833058059865 -0.2184809642352865 0.894069707471324
1305031470.859645 -0.42311002528662944 0.19543102859931513 0.17855020950234793 -0.31962764419492345 -0.2204727967009995 -0.23323453327496171 0.891533267729958
1305031470.895722 -0.43412252134465135 0.19751585644919478 0.1729841316632371 -0.31668681434262924 -0.21890846180140355 -0.2286926630588185 0.8941410475066721
1305031470.927684 -0.4484917775156586 0.19580472503648091 0.17090137082265708 -0.3172606721486718 -0.2179539791943187 -0.22522840574544914 0.8950496601342863
1305031470.959647 -0.46129856894371574 0.18946457634810504 0.17450644835494264 -0.31685499573129855 -0.22199219256909886 -0.22378430970836868 0.8945629999317178
1305031470.995996 -0.4668988547021455 0.1865658611173268 0.17219816792270237 -0.3103990808383683 -0.2252357983662797 -0.2226197414223415 0.8963044663941228
1305031471.027644 -0.4750993554795383 0.1820434000924936 0.17196271219039935 -0.30558535485954624 -0.22515521733626023 -0.22130749604428954 0.8983015702959871
1305031471.059636 -0.48522052301528756 0.1790753310996287 0.16847954291650213 -0.29848000076537995 -0.2214314032471462 -0.21759840640563477 0.9025124687941044
1305031471.095777 -0.4951907336785817 0.17777192741924333 0.16253799122547335 -0.29206152156048437 -0.21769092383045835 -0.2112728943530154 0.9070140535941648
1305031471.127663 -0.5033166063151918 0.17508603473835427 0.15973557831160848 -0.28841432345292295 -0.2169586160287985 -0.2048695504551775 0.9098211935618765
1305031471.159649 -0.508135296337343 0.17290868030472367 0.15648048032407874 -0.284253026837307 -0.21626534297335037 -0.1982842217408936 0.9127501769767339
1305031471.195703 -0.5118444180032062 0.17109768255046096 0.15345350172815495 -0.2830929911514087 -0.21375378033769551 -0.19260069144971087 0.9149167467072558
1305031471.227569 -0.5181715369510209 0.17003216203886493 0.1506173774250444 -0.28391494534645745 -0.20975580479149594 -0.18867085793588223 0.9164049942743278
1305031471.259722 -0.5256242048233648 0.1689456525614152 0.1496237319074329 -0.285319613464463 -0.2067402149765445 -0.18628465730774516 0.9171418800467463
1305031471.296068 -0.5334040670321472 0.1668133117457496 0.14990667466470478 -0.2860083382154217 -0.202957314517045 -0.18306915630723367 0.9184188820817235
1305031471.327642 -0.5363759076560718 0.16607809112498087 0.14824312248395047 -0.2823346397696133 -0.199465868911679 -0.18062727500062267 0.9208009045669556
1305031471.359615 -0.5372783028857896 0.16473110003281025 0.14531770420836476 -0.2814440044387641 -0.1934815278882701 -0.18004495611296636 0.9224629989922503
1305031471.395730 -0.5462974658795582 0.16357230063975184 0.14466540629756494 -0.2810134667224298 -0.1838863868340903 -0.17812119504036067 0.9249270609811033
1305031471.427704 -0.5562817700950347 0.16362449236062476 0.1392294788941548 -0.27736979982998705 -0.17653073586101725 -0.17288665162162353 0.9284466054274241
1305031471.459647 -0.5594728476980456 0.16207011398256255 0.135618438189693 -0.27790183860311274 -0.17604472075959493 -0.1678512786509964 0.9293033803064069
1305031471.496491 -0.5631679402971227 0.1609406623651501 0.13361489238395544 -0.27956187934404386 -0.17471921876101254 -0.16395240745712095 0.9297515573002202
1305031471.527624 -0.5666558679895198 0.1609494088205643 0.13041625992610692 -0.2796866536537752 -0.17272702971260953 -0.1591852296043031 0.9309139657618424
1305031471.559671 -0.5678559099856866 0.15960614675870272 0.1281777634430236 -0.28044848581253334 -0.17153189769451938 -0.15744627553167562 0.9312014417944062
1305031471.595702 -0.5692548862341018 0.15778324896279283 0.12606669141829402 -0.2808325521711038 -0.1676016084006222 -0.1562798202354073 0.9319975301951076
1305031471.627621 -0.5716513598586282 0.1564479277547555 0.12311779611639136 -0.28041029983664484 -0.16266232219445897 -0.1558171122202575 0.9330766636365799
1305031471.659642 -0.5559846867727244 0.16123860518896269 0.1351885801663 -0.27418558108019464 -0.17450252250416035 -0.15789130744805485 0.9324384546980826
1305031471.695609 -0.558869112609762 0.16124735451123903 0.12999273913574497 -0.27203182440152057 -0.16848752282345172 -0.15415724568864922 0.9347974030597699
1305031471.727501 -0.5593450195252188 0.15925903408974465 0.12653145584989822 -0.2742954636963343 -0.16433901363871425 -0.1511856965251589 0.9353595952135593
1305031471.759702 -0.5589129906394336 0.1579259569991266 0.126359288862547 -0.2763925747391978 -0.15977524419359446 -0.14651100466794661 0.9362764236501455
1305031471.795801 -0.558138996246228 0.15922046145043361 0.1227070426135996 -0.27508903230458154 -0.15246721734634386 -0.14007390776363524 0.9388605180239604
1305031471.827639 -0.5583027740164088 0.16215814861884986 0.11627838343211645 -0.27657932681986613 -0.14612564485433946 -0.13451212988030922 0.9402434040219793
1305031471.859665 -0.5603867711950762 0.1633635459819585 0.11567409960429915 -0.28087997776347545 -0.14094922586679548 -0.12960585244069608 0.9404478065433851
1305031471.895604 -0.5605944995277671 0.16662920686971303 0.1123308575250302 -0.2835101327494183 -0.13559640267942802 -0.12387729543615807 0.9412173159713073
1305031471.927651 -0.5590645509351863 0.16702535707870889 0.1124046682572605 -0.29012369339235233 -0.13163720347285057 -0.12099554965760072 0.9401382697014762
1305031471.959643 -0.5605803798300363 0.1682526210838222 0.11511258025500705 -0.29185720071676713 -0.1254233447584277 -0.12076953242039605 0.9404802385049582
1305031471.995573 -0.5633453215119344 0.17405449267993928 0.1077030632433788 -0.28866800247248714 -0.11592333123376734 -0.1187188503601792 0.9429413556491043
1305031472.027638 -0.56576109157196 0.17639567258512556 0.10530196508823347 -0.2953028499234298 -0.10964135665432115 -0.11735832041599302 0.9418078489624305
1305031472.059668 -0.5703921453705315 0.1789962921657726 0.10767121916518724 -0.2978474337867871 -0.10387175972262244 -0.11586087072541101 0.9418459653008574
1305031472.095601 -0.5744706594921768 0.18500201454001972 0.10275213520030019 -0.29490985363351335 -0.09656673593849369 -0.1114814998970706 0.9440735770694714
1305031472.127594 -0.5765970232796638 0.18799840656105393 0.09879183019799104 -0.2987825947395664 -0.09364631405736969 -0.10801456564723146 0.9435529569410522
1305031472.159645 -0.5817590492166733 0.18771919815673857 0.10338913110331921 -0.30368287721813914 -0.09193610465907716 -0.10711482873474235 0.9422583914244317
1305031472.195682 -0.587637533478548 0.18917096366340058 0.10467815968751201 -0.30108555870673276 -0.08863660917030443 -0.10375320505316811 0.9437829783876396
1305031472.227626 -0.5887122170292352 0.19031256427408758 0.10195485431574819 -0.2986591025435291 -0.08799146653047943 -0.10083726021636244 0.944929674228601
1305031472.263840 -0.5912448641232603 0.18797009954882019 0.10479646179503453 -0.298340285679134 -0.08686161051700811 -0.10061844586543997 0.9451582210989389
1305031472.295671 -0.5942023415420145 0.18640473167520588 0.10527947354391647 -0.2929886034889415 -0.08419298373816826 -0.09855808774979884 0.9472885109901682
1305031472.327678 -0.5966019433067338 0.1876202146113328 0.1004689391995779 -0.28675972545594053 -0.08178497366094763 -0.09689505031732376 0.9495743399880381
1305031472.363577 -0.5981620378056565 0.1868713624772737 0.09787599725181527 -0.2866788203220712 -0.08124168363807546 -0.09568206844664036 0.9497683847108052
1305031472.395599 -0.6014588136810148 0.1845734170854376 0.09952353005346373 -0.2880753369868085 -0.08160600698269113 -0.09437777168600096 0.949445046359117
1305031472.427686 -0.6030559947143233 0.1813225935816054 0.10150811427513685 -0.2878408170004038 -0.08430046400884783 -0.09326502955826302 0.949390715194715
1305031472.463603 -0.601216505654586 0.178482121351875 0.102571798718994 -0.28676616256863025 -0.08697387691085462 -0.09344771642996112 0.9494568115690077
1305031472.495626 -0.5969521419990438 0.17447621895835871 0.10423851738492655 -0.2881764652556194 -0.08882529416313852 -0.09435608780709448 0.9487683177063575
1305031472.527625 -0.6016292668980978 0.1693991452287098 0.10853627019396342 -0.29031868754340895 -0.08449808777786494 -0.09551078434796502 0.9483948665498969
1305031472.563587 -0.6047213777713635 0.16467842497516125 0.11193016107648941 -0.28781313305824624 -0.08348458224081784 -0.09455004270011325 0.9493440969388719
1305031472.595675 -0.6079204527116346 0.15947991273310452 0.11107624748593371 -0.2866080055747056 -0.08210080868672387 -0.09473081224425159 0.9498112347014133
1305031472.627701 -0.6065892910542724 0.15358777524716483 0.1143778263594537 -0.2901574849411312 -0.08295014916699464 -0.09243586238417825 0.9488854082717825
1305031472.663575 -0.6053745741342397 0.15012693532131213 0.11773963079105987 -0.2905054035874297 -0.08375798833139612 -0.09067755115502013 0.9488776483792389
1305031472.695755 -0.6019951256130445 0.14715104272999024 0.12045115654320465 -0.28912409636992964 -0.0864945617720234 -0.08889383150793988 0.9492227527835491
1305031472.727628 -0.6006597366819955 0.1429020110301136 0.12382164324658033 -0.2882521807505063 -0.08814966367488179 -0.08896051425568847 0.9493294180577938
1305031472.763578 -0.5981269904413987 0.13995109324378757 0.12590689375213926 -0.28680816075711874 -0.08954830698298595 -0.08990767572498054 0.9495466231235488
1305031472.795640 -0.5974668184966078 0.13752225008845256 0.1281783273112531 -0.28496107054441766 -0.08937643547081726 -0.09180341680042409 0.949937457794186
1305031472.827627 -0.5982395453642981 0.13454219494171193 0.13081811138077148 -0.2835708116815988 -0.08839706733735937 -0.09216735070892138 0.9504097709470875
1305031472.863598 -0.599861779558552 0.1336429211693448 0.13141694560461925 -0.2816477442574226 -0.08742832130846652 -0.09104628720473168 0.9511789581220381
1305031472.895713 -0.5999559266761508 0.13334214862119928 0.13170097674874048 -0.2815234250791523 -0.08798058307868166 -0.0882500473356617 0.9514283511006464
1305031472.927685 -0.5980187083977586 0.13196732099816397 0.13483110699557987 -0.28268097847189616 -0.08979353146859312 -0.08610627180926572 0.9511121364338077
1305031472.963756 -0.5988512770740034 0.14539246315430254 0.12722411724170932 -0.2708280178549097 -0.08688823960613762 -0.08449160675103737 0.954967950745761
1305031472.995704 -0.5993936486114457 0.14531323380784325 0.1280268405827073 -0.2717266159938283 -0.08719856745461113 -0.08354954921640606 0.9547672642168586
1305031473.027638 -0.599603091525446 0.14511500180558948 0.1291722191757236 -0.2725753557782258 -0.08844235571909627 -0.0834225522117234 0.9544219731961936
1305031473.063684 -0.5984875112246555 0.1438664638020461 0.13157565575313895 -0.2739905385933134 -0.08991120715949054 -0.08429628679985687 0.9538025454045658
1305031473.095695 -0.5975521785008658 0.14338479630996231 0.13270232360621628 -0.27339887520850503 -0.09004804268949419 -0.08617496569928648 0.9537915287573303
1305031473.127744 -0.5985914062122386 0.14315416714413304 0.13319059713499665 -0.2732852763059748 -0.0889064889362528 -0.0877736680278518 0.9537853936710996
1305031473.167060 -0.6011708426831041 0.14228011035729093 0.13387752917647153 -0.2728574937592339 -0.0883213775635306 -0.08824799529122722 0.9539184523279717
1305031473.196069 -0.6006151620601482 0.1407440206961999 0.13457607238038316 -0.27261238826745243 -0.08951402045193084 -0.08841698171241098 0.9538617107581775
