1341840839.193463 0.0 0.0 0.0 0.0 0.0 0.0 1.0
1341840839.225363 0.0004099892737146649 0.0059830390655385085 0.000151524929783358 -0.0003460641783041015 -2.803289383176663e-05 4.846408818731685e-05 0.9999999385524849
1341840839.261700 0.0007702349699128706 0.0046461392768610225 0.00032108414153670566 -0.0011909438025385557 0.00015107944769507086 -0.0007744023200076062 0.9999989795639328
1341840839.294583 -0.00021639343534030878 0.007383030559819494 0.00022430947488735883 -9.30125404644962e-05 0.00020654253940613037 -0.0010699853780210032 0.9999994019098898
1341840839.329412 -0.0005294626315090783 0.012555132699886742 0.0004842113700698062 -0.0009196064089155178 -0.00013405322848100847 0.0007528965489792849 0.9999992847500297
1341840839.361439 0.00041581409873853593 0.009969217929073092 0.0006394417827936922 -0.0014505600294276023 -0.0003260107267514884 0.0011936233386619448 0.9999981824263144
1341840839.393461 -0.0005637778041680514 0.010294843858744487 0.0003091707542586046 -0.00027800111506769555 -0.00017751575855188558 0.0006703646429864698 0.9999997209073516
1341840839.429312 -5.02758386262223e-05 0.010965526015492347 0.0003283403606389565 -0.00010755506014040541 -0.00038390730529291433 0.0008026954108436409 0.9999995983635029
1341840839.461283 0.0014673367071691974 0.012751424429576719 0.00046186217241960155 6.641502894585664e-05 -0.0002548914568315628 -0.0007435116838763585 0.9999996889048341
1341840839.497390 0.0011238738162987927 0.017361195336380954 0.0005450430396897633 -0.00044593172726928055 -0.00015768767567855217 -0.00110648297946357 0.9999992759871918
1341840839.529496 0.002849012557667695 0.017335993430847713 0.0007789426553963633 -0.0012067318087817585 -0.0006121698185630831 -3.3133420633486385e-05 0.9999990839738961
1341840839.561316 0.00483530504858695 0.01752181284411205 0.0008153775528214097 -0.000810685185758281 -0.000577584014510417 -0.0015074213618158083 0.9999983684322058
1341840839.597405 0.007020917656975706 0.02243584967355344 0.0010137282168818775 -0.0008800076030216469 -0.00025895911556974687 -0.0039305516599223685 0.9999918546120482
1341840839.629282 0.008657198045857815 0.024807888113862846 0.0012625425056373484 -0.00212020040594762 0.00023185061925062145 -0.004473629109636243 0.9999877187436446
1341840839.665514 0.008642960386337672 0.025956625481040982 0.0012683019880282722 -0.002140307735316053 0.00032741571752799666 -0.005328224985216141 0.9999834608133544
1341840839.697361 0.01093890128874718 0.03227322185361512 0.001435773746944717 -0.002414413064523105 0.00042536437952211216 -0.006606407505679002 0.9999751722190745
1341840839.729327 0.010968692606367998 0.029585760101638766 0.002619847410257786 -0.004170876511575313 0.0014022989385793815 -0.006613404356230735 0.9999684496171034
1341840839.765445 0.011233392331388372 0.029775204751830583 0.002623308663212853 -0.004064654569505994 0.0014223882595148533 -0.006729804589088211 0.9999680820531539
1341840839.797266 0.012673019391698716 0.03232729119118462 0.002709440518188918 -0.0039678124899412475 0.0010561478460595912 -0.005606529073387557 0.9999758536322373
1341840839.833487 0.014789466598236675 0.03530875084842043 0.002863757164944954 -0.004297536068540251 0.0009417481696790552 -0.00534616934656834 0.9999760310964673
1341840839.865409 0.018023765068334995 0.04100205211365838 0.003055040085378313 -0.004695735198383946 0.0010783917281417584 -0.00574089109338807 0.9999719142614364
1341840839.897303 0.021406117811721553 0.044777956923669884 0.003387231355874071 -0.005765595322405163 0.001243071936038767 -0.005822232321433114 0.9999656565570316
1341840839.933443 0.02491949053935833 0.047577852456559835 0.0035315419841050943 -0.0061299873013616595 0.0012328378590580652 -0.005657306611083583 0.9999644484922485
1341840839.965343 0.02662841288288608 0.05142059716608779 0.003721692597225477 -0.006388010346807116 0.0010464145417236619 -0.004807798984330315 0.9999674911762594
1341840840.001548 0.02926700289706868 0.054166318710237985 0.00402024016911086 -0.006840679330452588 0.0006123836449935567 -0.003946597708824843 0.9999686267374063
1341840840.033327 0.031033767728719797 0.05328783827868075 0.004160745518178257 -0.006982819518322431 0.00032474284474222245 -0.00268675461080157 0.9999719576684742
1341840840.065272 0.03387351773023901 0.05482339630056927 0.003982126826440653 -0.005678125051015616 -0.0011992444727564387 -0.0004426749398257117 0.9999830622303049
1341840840.101431 0.04139806989265926 0.06056720361095551 0.0052850544182340975 -0.005152156227564818 -0.003230941048505524 0.00120782049084379 0.9999807785531729
1341840840.133310 0.05038186326542014 0.05786184166606298 0.007600140692842832 -0.00805947456846549 -0.0042555322800479165 6.103727104324083e-06 0.999958466776215
1341840840.169494 0.05091107171654488 0.05462869031845084 0.007721960847666486 -0.008039491974765608 -0.004113424634795864 -0.00014810384292939007 0.9999592113540499
1341840840.201335 0.053966521371834456 0.0597973896415918 0.0077700390609371115 -0.006561057619056326 -0.00495252111997574 0.0002423164390288479 0.9999661825983014
1341840840.233363 0.06252172543730958 0.060656636323792756 0.010359765482392222 -0.009162719729000568 -0.006122279853559434 0.0005391870267349948 0.9999391339146164
1341840840.294570 0.06711357365277097 0.051080953065952776 0.012874318125636419 -0.012614955259155477 -0.00626599432141199 0.000752230368067556 0.9999005122353157
1341840840.330394 0.0676849440997931 0.04818402759206065 0.012961491503665247 -0.012141240274927387 -0.006211321310418829 0.0007025721916630146 0.9999067537348074
1341840840.362487 0.06736426484822129 0.04606313145658815 0.012470686487511184 -0.011205781250402407 -0.0064264654879706345 0.0019031310996854567 0.9999147509162557
1341840840.394382 0.07640263970989561 0.05387473644811269 0.011165797639821631 -0.009091435605297543 -0.008848093723497952 0.0030984377713255307 0.9999147247237998
1341840840.430325 0.08912112197711454 0.05099116578086474 0.014011453686929437 -0.011178990912108838 -0.011083953181748494 0.005646958121390624 0.9998601342227958
1341840840.462407 0.09373458697654945 0.048350940843319624 0.014472791437814188 -0.011902706009379697 -0.011305559206030068 0.006193844702730434 0.9998460612556774
1341840840.494502 0.09144501394990151 0.05872015530590591 0.01266699331843264 -0.009501857802820993 -0.01059874625715003 0.005737361870012952 0.9998822250419517
1341840840.530297 0.09593103459284338 0.05835240665337397 0.015282227788826732 -0.010592233458496317 -0.011264027923906156 0.005434813266717519 0.9998656855148328
1341840840.562361 0.10440474738692201 0.04840263861061668 0.017962719455176954 -0.013870487978306487 -0.012537360754848731 0.006730464113880324 0.9998025430060472
1341840840.598321 0.10530880889772105 0.04711321922368591 0.01774328100218899 -0.013402935683188713 -0.012822167956025143 0.007088753904000467 0.9998028320084259
1341840840.630280 0.10569793955437297 0.04658359063139305 0.017887335185589947 -0.013345083864002114 -0.01312063154623833 0.008116696515761336 0.9997919168517826
1341840840.662439 0.11169446014995842 0.04055335904150628 0.016554037974905875 -0.013786338914095498 -0.014897710948706322 0.01003674693865694 0.9997435965179895
1341840840.698371 0.12267030609379961 0.05414276354467834 0.012905938150106544 -0.009553600591495078 -0.017488514384475462 0.010735816381426335 0.9997437785887875
1341840840.730361 0.12552633630947888 0.05801156877886946 0.013201136409622312 -0.009928390383636227 -0.01714264720029246 0.008495283067983006 0.9997676664490364
1341840840.762407 0.11862779799840467 0.04987958613154707 0.013465355730826946 -0.011901191407306642 -0.014489700577116182 0.006857108124611938 0.9998006752790478
1341840840.798303 0.11018750399023323 0.059599472531522264 0.007606040422840161 -0.008242976690703271 -0.012568936996600371 0.005738867732119553 0.999870561900492
1341840840.830375 0.1125422362838263 0.06131559285315802 0.007198467536625791 -0.006847949701692935 -0.013023297305535447 0.005993861589459174 0.9998737785017774
1341840840.866393 0.11771128583104394 0.059387540622570886 0.008440430381282742 -0.00826069560749009 -0.013361506240133068 0.004151848035637327 0.9998679878948844
1341840840.898320 0.11698567770218095 0.05479703568840592 0.00783876206347841 -0.008328084721032244 -0.012499180804771307 0.0016182964598351155 0.9998858907898728
1341840840.930454 0.11226921903575013 0.07233126202274917 0.002611714167941013 -0.0029496001412728993 -0.011348947524023751 0.00046259468400272364 0.9999311412568678
1341840840.966498 0.1165562803955217 0.07757121773136992 0.0030459512388878855 -0.002730983135053304 -0.011551811335091875 0.0005317456762739039 0.9999294048244258
1341840840.998398 0.11762519760494201 0.07022908453585419 0.00620202189152192 -0.007353549222528566 -0.010769493057144256 0.00032267411678707064 0.9999149159876246
1341840841.034538 0.11921039069590453 0.0720140494085622 0.006286639502379584 -0.00754397929687954 -0.010333192398967099 -0.00178964293993131 0.999916551862885
1341840841.066345 0.12043780710693457 0.07993151744347578 0.0067923621476393995 -0.007126685743886008 -0.009735154242449053 -0.00553061518947059 0.9999119208299347
1341840841.098335 0.11242312154160754 0.08339073751549711 0.009725170756405284 -0.010184081384696913 -0.006638923311479934 -0.009154183793371462 0.9998841983463344
1341840841.134331 0.1117732310435536 0.0638289543830652 0.0171374643794953 -0.01725527790600859 -0.005671347757989406 -0.009955910102761378 0.9997854625133435
1341840841.166392 0.11438625867819878 0.05781573610431516 0.016781520845840663 -0.01731818374862571 -0.006132655571245143 -0.008943334748383854 0.9997912221113324
1341840841.198348 0.11379641138129554 0.07233272138726735 0.014276124269771692 -0.013175442007971877 -0.005814847867959647 -0.011266498589177406 0.9998328166657199
1341840841.234400 0.10171753808038958 0.06299682113552206 0.018605223398790536 -0.01667124630363602 -0.0024096626039306615 -0.012560498939823406 0.9997792240986013
1341840841.266296 0.1009686243518104 0.05419804999125631 0.018447939521597484 -0.018002615506149774 -0.0020822393595356322 -0.01241974769738678 0.9997586308611297
1341840841.302430 0.10912799478040673 0.06429984258260396 0.008107431087635012 -0.01332261545419868 -0.0037385540013154944 -0.012488846402362037 0.9998262648315341
1341840841.334542 0.11769390112584781 0.07725459149529479 0.00459438726925936 -0.008450506397307123 -0.005369831078899158 -0.01243520097860596 0.999872551694682
1341840841.366311 0.11888742463026027 0.07580405659708632 0.004696228373036239 -0.008968528740805143 -0.005324089609794318 -0.012397740485382669 0.9998687491830661
1341840841.402475 0.119667712065456 0.0746752667302205 0.004663464159919453 -0.008989809362111354 -0.005412169697628237 -0.012520911923021003 0.9998665503513019
1341840841.434345 0.12118869018796592 0.07496180572568704 0.004485208417285114 -0.008661746947847876 -0.0056433892790552715 -0.012459345512569964 0.9998689369145611
1341840841.466383 0.12310481136285016 0.07544114426230064 0.0045114349697075356 -0.008641840544156931 -0.005785905777286549 -0.01237347458651679 0.9998693609732235
1341840841.502454 0.12386607387666602 0.0754547468736886 0.0046793382301237784 -0.009017906894567941 -0.0057362227222494434 -0.012434865044455424 0.9998655645812828
1341840841.534696 0.12505664194057262 0.07401471542267761 0.004912321564973421 -0.009402843113412003 -0.005806569930680971 -0.012042219037899043 0.9998664187018521
1341840841.570470 0.12763881608427943 0.07202621025270178 0.004714351761080761 -0.008983917033505349 -0.006298002919095488 -0.011431362528437232 0.999874466292999
1341840841.602476 0.13006387117644608 0.07628902471358441 0.004937937381294113 -0.00843331858544377 -0.006632797533716092 -0.01082724049476576 0.9998838212501399
1341840841.634468 0.1363387616139722 0.06594984207225733 0.009798185131836556 -0.013427032074633942 -0.0070176409320127095 -0.011666192143869186 0.9998171670291913
1341840841.671032 0.1335705678033559 0.06203180894954952 0.010412952730714997 -0.014805004799313447 -0.006102261560345447 -0.01237157908504075 0.9997952381701382
1341840841.702284 0.12729108173609008 0.06838913753658624 0.008686137910394414 -0.012964719518335565 -0.0051187799512296215 -0.011284615140935383 0.9998391728676879
1341840841.734304 0.13250721710649968 0.07050812858324305 0.00912033784206233 -0.012784923821313132 -0.006268602723120558 -0.009914726121922146 0.9998494629436521
1341840841.770351 0.14081110337686414 0.06806266421263978 0.011396012298268398 -0.014408965866152135 -0.007869855376252025 -0.00787233153538291 0.9998342229966033
1341840841.802313 0.14133150338284678 0.0675144060372818 0.011839698177168392 -0.015141135749463196 -0.008115127939686268 -0.006642059994128987 0.9998303724861395
1341840841.838370 0.14836294098037858 0.06586983627227687 0.01081226067369361 -0.015102563875329109 -0.010098700009290461 -0.005029241224303471 0.9998223019893189
1341840841.870881 0.16185751445498606 0.06192172278269196 0.010022209106810748 -0.014715204158857367 -0.013881844179480761 0.0013675354037728047 0.9997944223767494
1341840841.902346 0.18053911134383616 0.07161660256990855 0.006066538188628601 -0.011202530336304334 -0.018679577072213564 0.0031275150034919376 0.9997578683683211
1341840841.938375 0.1783267672178123 0.08187015919678703 0.007578784232200043 -0.00897537402428119 -0.018028044236412168 0.0020620304646195337 0.999795069157923
1341840841.970352 0.1623905998628668 0.07454225325021646 0.013181486479327218 -0.013470126312904717 -0.013901909945089679 0.0006143577913124769 0.9998124399913697
1341840842.006342 0.16087544560167483 0.07257609159653165 0.013253278356815083 -0.01443976672590983 -0.013654862284155541 0.0007784932570172642 0.9998021963474326
1341840842.038475 0.16541579411115276 0.0736924439326846 0.013395173340989438 -0.014018842437973522 -0.014469271883498938 0.0026614478431461037 0.9997934931390772
1341840842.070419 0.16670555991809807 0.07505173487847301 0.013840711377039296 -0.014770280025650279 -0.013848185826483134 0.0020401812951310306 0.9997929306799289
1341840842.106404 0.1587265654572409 0.07538674229081417 0.012429524910518483 -0.01493325748882335 -0.011731452159317082 0.00037782501510029594 0.9998195977771507
1341840842.138367 0.1531683715845803 0.07217457816761334 0.01215182177706195 -0.015093637301986908 -0.011305741602067789 -0.0006596134916610747 0.9998219477636325
1341840842.170410 0.15890417716950672 0.059123436750493245 0.010321906105797909 -0.015764192051596407 -0.012964384579292861 0.0004947592032720315 0.9997915633744718
1341840842.206430 0.16895240447999546 0.06814534642934619 0.0003005880073656247 -0.011298673657160006 -0.015207743189074877 -0.0004248848913267452 0.9998204258733225
1341840842.238319 0.16825633550900382 0.07390396131367813 -0.003070300470332159 -0.007587374822273867 -0.01497203336577136 -0.00349076468754584 0.9998530314611722
1341840842.274385 0.16230521798213196 0.07118549146149082 -0.005225268777011131 -0.00653645018439652 -0.013288597300252636 -0.006317411066040174 0.9998703807585264
1341840842.306571 0.1537965081603434 0.0681629561847466 -0.00784350094075928 -0.005181872340353958 -0.011049307134087168 -0.010520676224188114 0.999870179764698
1341840842.338413 0.13829872378949068 0.07596152409924056 -0.01438959758852343 -0.001980964754335431 -0.0076077770375693075 -0.012167171288518965 0.999895073220197
1341840842.374365 0.1315675206899436 0.0784909440829858 -0.016242268421476854 -3.566994980450176e-05 -0.006743442429324981 -0.010670672424753901 0.9999203275570805
1341840842.406739 0.13097793578150957 0.07055894983795227 -0.016615105222049446 -0.0004042562264176038 -0.007149809245683708 -0.008471024191969203 0.9999384773843796
1341840842.438410 0.13955022731601827 0.08008606872812021 -0.025564540180937415 0.004801647413768565 -0.009302634290469005 -0.006769532962141546 0.9999222862807114
1341840842.474299 0.13463683833962747 0.10950769631084434 -0.024783732414470867 0.011586127590299861 -0.00830492331307178 -0.00957275837843697 0.9998525652281203
1341840842.506377 0.09266502659419956 0.08063321795017057 -0.005724509613867872 0.0024097254339957223 0.002170680016223458 -0.010435752926859028 0.999940286433369
1341840842.542388 0.05388849771056685 0.056440388504383404 -0.00480458595975135 -0.004287197472628571 0.011566995789792913 -0.01982398347297534 0.9997273799519003
1341840842.574346 0.006370010922899107 0.11288655493934774 -0.03169083248027222 0.007745950991422039 0.022572321018920746 -0.02049912312931152 0.999505015754291
1341840842.606530 -0.005458745165670041 0.15053968499005382 -0.03581086604438131 0.017543162269430177 0.025460390650343223 -0.022860215985870597 0.9992604347669322
1341840842.642329 -0.00849965285149906 0.14034919956993072 -0.02761632446026857 0.01100132291004834 0.02685973857434758 -0.02539651269234327 0.999255994468391
1341840842.674386 -0.022921303002699733 0.11569384683912658 -0.02326171628544348 0.003569506739402025 0.0302306756114557 -0.026526456750818148 0.9991845234820034
1341840842.706548 -0.017633366459471285 0.12781857549557363 -0.0314469399364601 0.008255565905590406 0.028705404542265264 -0.02675384965487189 0.9991957150179771
1341840842.742312 -0.0070070724654382865 0.1387785120301681 -0.032499076567416386 0.011289418045609251 0.02622080634165965 -0.025688083826431812 0.999262298250219
1341840842.774261 -0.02410067761953892 0.12859725485917 -0.03033373560428259 0.007625443850497047 0.030533738461755385 -0.02949205625192306 0.999069448056372
1341840842.810490 -0.0711756281135617 0.1383694904945011 -0.03636048045441498 0.010490837555750004 0.0413813919855539 -0.03523722450927609 0.9984667549466022
1341840842.842296 -0.09809189339324444 0.16661818150084942 -0.04203582892249315 0.018400823490290374 0.047068575887989426 -0.0381935749297183 0.9979915879870142
1341840842.874411 -0.0896584085547489 0.1751985318486957 -0.0408587357633598 0.018527692504280543 0.04554726443887133 -0.03526300574916492 0.9981676671472258
1341840842.942647 -0.08223542726749732 0.14501729238104621 -0.03898670320855677 0.010286941651628079 0.044335253480523126 -0.034061197674628736 0.9983828919524022
1341840842.974535 -0.08267177416864886 0.16660309957957067 -0.04451160076078657 0.01666847736030896 0.04453669235845078 -0.034914086626907 0.9982583089818308
1341840843.010449 -0.08222986212374231 0.1719589063610385 -0.04408532392527038 0.016488641330817597 0.044640057542035254 -0.03513859597710696 0.9982488011725651
1341840843.042429 -0.08829356403790263 0.16662232235519345 -0.04377834391672143 0.014596944023026298 0.046210002902718046 -0.036042419979598256 0.998174588345612
1341840843.078385 -0.10043994281749515 0.16816578203682891 -0.04506659231474856 0.016390938205207463 0.04833335371985268 -0.037294479239903956 0.9980001732871429
1341840843.110373 -0.08925308362298706 0.17608835236944637 -0.0461158903228179 0.01875042688691765 0.045557828255950505 -0.03523472529196391 0.9981640245519559
1341840843.142285 -0.06786367924450017 0.16721631558773237 -0.04293262313615961 0.015372141215104978 0.04109078088277345 -0.03201890273129535 0.9985239280401791
1341840843.178476 -0.07219507995771318 0.16140102805068132 -0.044001016922760046 0.013312664749565458 0.042173662418474346 -0.03486457516832829 0.9984130490702774
1341840843.210589 -0.10470653835473101 0.1771289998055953 -0.04813862829498222 0.017840726282197877 0.04941144453638903 -0.039704957487858995 0.9978295114825158
1341840843.246317 -0.11804025512735801 0.19077201550797854 -0.04851880508343114 0.021234629806510006 0.05195170198061569 -0.041886931396597514 0.9975447840254955
1341840843.278543 -0.10634835427334599 0.1936707780461079 -0.04722650471003014 0.020474267870373736 0.04969768231619519 -0.03893055044980518 0.9977952480189731
1341840843.310587 -0.09968434503060437 0.18166506081066408 -0.04631813406702049 0.016810355021856564 0.04844773786687208 -0.04099104910367229 0.9978426542060628
1341840843.346529 -0.11846000195995447 0.18715322645070084 -0.04976619170680538 0.01943420167900719 0.05283882733622728 -0.04367706672063245 0.9974581113878976
1341840843.385053 -0.12468409560907631 0.2128196793160235 -0.05231757200853334 0.026324118026711488 0.05414379024684511 -0.04428455480247466 0.9972032736577664
1341840843.411509 -0.11142831346378569 0.2242649622638292 -0.05033795640738178 0.024894327969105543 0.05196488234793504 -0.041534813614806154 0.9974742015187726
1341840843.447220 -0.10740886309813406 0.20524426108980492 -0.04400163663716678 0.017219001297474206 0.051431000842424364 -0.04008229362210712 0.9977232922432216
1341840843.515039 -0.10675427630607498 0.21250652376016557 -0.043105445354281874 0.017850407310525136 0.051414223223543824 -0.04098211158415285 0.9976765042533928
1341840843.548527 -0.10530877246734745 0.19866806483342372 -0.03601124910678244 0.012168764574898145 0.05146934673246866 -0.04013276119156731 0.9977936605304688
1341840843.614798 -0.11702454382363411 0.19493310562086935 -0.037602703486768786 0.01307787184604749 0.05424912977242035 -0.04537666996826812 0.997410125780515
1341840843.653429 -0.1098304656786316 0.192477196688254 -0.030018871917246434 0.008175757975299703 0.05265512484250187 -0.04304846866990366 0.9976509530665144
1341840843.687928 -0.10946594615236083 0.18921287448386365 -0.030146756628716832 0.007570577849239884 0.05275974906429717 -0.04299686261670874 0.9976524269678388
1341840843.720258 -0.11222050387178423 0.20137944086021692 -0.031978120035395276 0.011470710241506194 0.05385218012918089 -0.04519839181335388 0.9974595083908793
1341840843.785505 -0.11048815930083866 0.2070877062256807 -0.031758320195912425 0.011013169871705798 0.05378376965846506 -0.045112266260989665 0.997472255074545
1341840843.846439 -0.1097958674996495 0.20492325308611412 -0.031886092454019375 0.010531731383978442 0.053864219344537626 -0.04502223737967169 0.9974771810170828
1341840843.882429 -0.10857886569109386 0.2061177583877968 -0.03192006125316277 0.01093195137896092 0.053758032920879814 -0.04516487493436533 0.9974721552041877
1341840843.914321 -0.10735388029786559 0.20823530676883228 -0.031847829054599076 0.010628090162522915 0.053733004692627595 -0.04488735823687859 0.9974893147180636
1341840843.946316 -0.10696108634100748 0.2098159675681004 -0.031731097087535735 0.010207229049268355 0.05409983792706069 -0.04669743874357267 0.997390780600157
1341840843.982401 -0.10857403399667621 0.20872780545309783 -0.031681400307608756 0.010046045661072228 0.05476632079272236 -0.0504830073138038 0.9971715965900538
1341840844.014387 -0.10928647033735553 0.21113218092441477 -0.031512447734007666 0.010490691379114608 0.05507538922200765 -0.052760833567976485 0.9970320663537574
1341840844.050399 -0.10747762128270126 0.20769207423846991 -0.02990117389297759 0.008715934399812851 0.054795866801128905 -0.05262195040499529 0.9970719010204949
1341840844.082349 -0.10865475339111061 0.19996444674856434 -0.030504369570710895 0.008051963425878828 0.05507212303704209 -0.053207370345728845 0.9970311945421128
1341840844.114393 -0.11180344100562782 0.21864197045104258 -0.03679301894038162 0.014231877389298354 0.056039899168282815 -0.05550044922667763 0.9967831677465366
1341840844.150523 -0.11164092114664051 0.22257543941108374 -0.03644207577542056 0.014579820125273259 0.05613643310038534 -0.056464569007792904 0.9967185571517383
1341840844.182299 -0.11001668731409864 0.21736131059583758 -0.03520394250420262 0.01241446425639338 0.0559158156879068 -0.05622379705165561 0.9967738897454504
1341840844.218448 -0.1108630937217069 0.21165968442182012 -0.03564773811350442 0.011944853785397037 0.05637132993105533 -0.05822677427933283 0.9966389699318763
1341840844.250566 -0.12357023409552853 0.21975662784555725 -0.04042059969012777 0.014906312158264795 0.059578170444708034 -0.059599988581403245 0.9963313127797382
1341840844.282274 -0.12874693770252915 0.2360245997542839 -0.0435596960457661 0.02031353618558611 0.060794411206327024 -0.05953583481719481 0.9961660926704597
1341840844.318322 -0.12786828160720518 0.24187469114819993 -0.042963170693725586 0.020070535350799553 0.060293573262379954 -0.057582120356202554 0.9963162941803512
1341840844.350432 -0.11966532592004034 0.22144056252156763 -0.04152576291497267 0.014668872563290565 0.058122562740452056 -0.055944693022990245 0.9966327223208987
1341840844.382375 -0.1099478965624269 0.2222722215277251 -0.04686641371781653 0.017032820523416488 0.05608700361156524 -0.05565870898569516 0.9967277658242181
1341840844.418837 -0.10984701966862252 0.22998734374338553 -0.04785402737453192 0.019414985761115874 0.05627444918464409 -0.05668075515587712 0.996616042762617
1341840844.450418 -0.12117584456579536 0.21982981109322644 -0.044866713923958926 0.01600708122978335 0.058416020228513686 -0.05689903854566592 0.9965409381173169
1341840844.486330 -0.11893823472919425 0.21329648423600087 -0.04621908648011829 0.015909368501154517 0.057617960513908134 -0.055603301366232954 0.9966620969502584
1341840844.518335 -0.10582524832848218 0.21678205709098497 -0.05014881339401954 0.018306497275525056 0.054823112340675814 -0.05463874337838979 0.9968319347978433
1341840844.550458 -0.10604147532776416 0.21348310078315955 -0.050489979617098474 0.018625163320407746 0.05516789970991952 -0.05672652450924013 0.9966903769727012
1341840844.586351 -0.11149969715768995 0.21480437245310863 -0.049811490848886114 0.018760845601589415 0.05584655192148011 -0.060052071448958355 0.9964551881672764
1341840844.618382 -0.11067389950619318 0.21570110937450085 -0.049984708415018335 0.018289157566464966 0.05536128889066592 -0.05828337940163902 0.9965960476007296
1341840844.650334 -0.10445639409279903 0.21830154471624846 -0.05046963383027572 0.01867589539176096 0.054388698036448836 -0.05513500005386736 0.9968215548563714
1341840844.686320 -0.10100537576318248 0.22212502953603944 -0.05016426241461282 0.01791851848013809 0.05410171865310198 -0.05355554291569502 0.9969371768357627
1341840844.718495 -0.10024189491966223 0.2202299678166854 -0.05021466057853077 0.016975303244418854 0.054372433743695915 -0.054733650705827 0.9968749695969691
1341840844.757582 -0.10110163005751344 0.22060849378416905 -0.05054691827180235 0.018098348530213956 0.054713793503983976 -0.055432599963775704 0.9967979120374082
1341840844.818394 -0.09331540817387526 0.21055868871163308 -0.04774013425027989 0.014249047031370532 0.053499467536953484 -0.053759399021806084 0.997017902872748
1341840844.854307 -0.09171885579144573 0.21123717989720048 -0.04794975117507092 0.01483048124271627 0.05328068413119371 -0.053346317755198755 0.9970433269956631
1341840844.888045 -0.09153844928146197 0.21315510523325684 -0.047773076214789656 0.014696005977981834 0.05347534536358689 -0.054050006513903466 0.9969969968071045
1341840844.918612 -0.09001280347105121 0.2160746079251709 -0.04782222801086596 0.01464340712188979 0.05329411326202287 -0.053576965170957135 0.9970330069373557
1341840844.954718 -0.08271539558228691 0.21641093420387308 -0.047121387374919096 0.01373658022585782 0.05217710073452246 -0.0537166411094512 0.9970974771759052
1341840844.986719 -0.08020305036230693 0.21456193619664865 -0.04664165901765235 0.012240153658528038 0.051875609671421595 -0.053367614098671606 0.9971514416201018
1341840845.022279 -0.07862525219522574 0.21459476940866454 -0.046744730284684774 0.012150059915613425 0.0520184641803514 -0.0548030345304406 0.9970672408792791
1341840845.054280 -0.0773047170122249 0.21507019147982998 -0.04685141013659714 0.011985381363262613 0.052170683835299526 -0.05614276692700267 0.9969867401843984
1341840845.086344 -0.07669469719246615 0.21532277239042588 -0.04690334579128389 0.012106284914055148 0.05224947872001531 -0.05645524188531177 0.9969635076083456
1341840845.123640 -0.07635175347787558 0.21899468434729344 -0.04662231984502649 0.012055669926805257 0.052208460528606976 -0.05668674448715675 0.9969531335380287
1341840845.154408 -0.07537727849457597 0.2178647490343544 -0.046216518873082806 0.010818801750872084 0.05201836286436226 -0.05633075728241385 0.9969974369262815
1341840845.186393 -0.07320767338598946 0.21768163333540197 -0.04771250328737655 0.011961816382042393 0.05146975142850408 -0.05659945733782445 0.9969976334303869
1341840845.222296 -0.07127918216577223 0.2237533130726069 -0.047253080447900137 0.013249006228670328 0.05089768078398007 -0.055400927064769866 0.9970780446911501
1341840845.254440 -0.06217254069638925 0.2051578444905344 -0.04195662331059753 0.0077446532893766 0.04852225114274828 -0.05356710786920402 0.9973545891226424
1341840845.290376 -0.05848297073357242 0.20248661012796995 -0.04254870573768609 0.007686974071752077 0.04797752300584786 -0.05120313061395348 0.9975055424062427
1341840845.322289 -0.05893762609739791 0.2036536188852165 -0.04241906939797212 0.008291292727964587 0.04844562403884846 -0.053059049126565644 0.9973810772629329
1341840845.354494 -0.0675292452095552 0.20024036662691713 -0.04028924609181505 0.007087733705584397 0.05044697166788067 -0.054496692431764276 0.9972136068037053
1341840845.390309 -0.06688787596816737 0.19639470377592522 -0.0407125764782526 0.00702812823460657 0.05006021546075502 -0.053951510610838 0.9972631622316888
1341840845.422339 -0.049698460902566514 0.2014155354803238 -0.046749213556703875 0.009773365993939772 0.045988524927245235 -0.05288224741948812 0.9974933607799236
1341840845.458335 -0.03857108782618536 0.21550945600919286 -0.05065568744993247 0.014274874836119986 0.04377389736200157 -0.053142801224625794 0.997524895196181
1341840845.490264 -0.037870794668850995 0.22304306958007458 -0.04982335807191309 0.014276196346182834 0.04424284894668163 -0.0553571179367132 0.9973837526392264
1341840845.522343 -0.04860112066812813 0.21245509620253325 -0.04478800234286308 0.009723536777538089 0.04705350315340893 -0.056648192909414904 0.9972373854372005
1341840845.558310 -0.05004343565812604 0.21132749243988327 -0.04459100277504664 0.009233130276349834 0.04725979689747385 -0.05692195472007036 0.997216702614509
1341840845.597232 -0.04580329838661639 0.21123818012378884 -0.04488632044197677 0.009719045605670072 0.046088904739084995 -0.05314709479253962 0.997475182311609
1341840845.658634 -0.011904705425759228 0.21362211202343975 -0.048936165232573756 0.010761086397924566 0.038592680126059625 -0.04850001356340535 0.9980193148153855
1341840845.690353 -0.010207545330472 0.21850666751986622 -0.04864162142777628 0.010619535916252648 0.03882337325313518 -0.04966002237421628 0.9979548353126817
1341840845.790466 -0.020436798020921233 0.2132861350687195 -0.04653733920352434 0.008849699682331505 0.04126799968688559 -0.05170494014677143 0.997770130932868
1341840845.826375 -0.014040613463103611 0.21425762511685487 -0.047631443807832366 0.009314877367159524 0.039592056506852026 -0.049804748373343345 0.9979304530680778
1341840845.858782 -0.0020932802660553872 0.21722486564152427 -0.04781979521133971 0.00977927171909272 0.03676806928280931 -0.047976975798396174 0.9981235818870813
1341840845.890417 -0.0017241133548928592 0.20896323944136616 -0.04512288765612841 0.0067534938998871615 0.03702915467022372 -0.05028705607704558 0.9980252722329505
1341840845.926383 -0.021310736998896816 0.1997799290872935 -0.04449726049728945 0.004443003288535131 0.04141616636189855 -0.05417471406223096 0.9976622981961055
1341840845.958390 -0.0251395551803964 0.21317686371082026 -0.048150616219650645 0.00955326365060574 0.04229771338482976 -0.05472985300884657 0.9975591620478779
1341840845.994269 -0.01968440952522865 0.2175682282041095 -0.04793810657423794 0.009552011067821768 0.04174415220582828 -0.05225259518804428 0.9977153156774177
1341840846.026558 -0.016139362860951384 0.2056410455747204 -0.04705933725442829 0.006693770605612646 0.04120238787529583 -0.05286835412422291 0.9977286674244891
1341840846.058807 -0.013586261241832452 0.2164112625164867 -0.05042713231585561 0.009567011119282823 0.04052985565430509 -0.052443281100677905 0.9977552331941326
1341840846.094265 -0.010508748633792727 0.21763039875874488 -0.05049277422359224 0.009760975650707934 0.039897209932494807 -0.05136023712174045 0.9978351878124688
1341840846.126378 -0.008380268917281709 0.21729834787746524 -0.05059962631146987 0.009386672768790618 0.0397570107585478 -0.04981216877008794 0.9979228518839993
1341840846.158446 -0.010731476186360844 0.21601232451716118 -0.05051907699168464 0.009632372571007661 0.04038057444119114 -0.05317419292385756 0.9977219711990647
1341840846.194427 -0.014979509559595053 0.21780768445826643 -0.05026584812403765 0.00980666382606988 0.04127641692296037 -0.056806868074458984 0.9974833665230579
1341840846.226385 -0.01265926843890936 0.2221512320640517 -0.05004922587201152 0.009539823065399848 0.040966950937504555 -0.05605584637519502 0.9975411985446633
1341840846.262497 -0.00547281800764473 0.21483308072801943 -0.04882255012427715 0.006809500294716728 0.03931729293156332 -0.054554007662543876 0.9977132060017159
1341840846.294419 -0.007075792065066446 0.20982965128696637 -0.04921552981339705 0.006936819334549692 0.039625015638369364 -0.055359237168367596 0.9976557991277918
1341840846.326478 -0.016562070122277242 0.2184433422352489 -0.05014455213358533 0.009211605896566903 0.041627382241091214 -0.05602914348618293 0.9975184421577191
1341840846.362426 -0.0146441129242648 0.2190527178874855 -0.050143617331002754 0.008894532548949239 0.04126309385388372 -0.05524546507590968 0.9975801636785313
1341840846.394323 -0.011433763547142092 0.21802653850193465 -0.050426590212488166 0.008975924290698177 0.04088561865631235 -0.052841066725108694 0.9977252230136154
1341840846.430454 -0.012929189880062255 0.21593650477228463 -0.050520305519942105 0.00910920765887543 0.04134925557910732 -0.05558033525305707 0.9975560574383961
1341840846.465291 -0.015753180712938693 0.2188748957792071 -0.05047012967536754 0.0098031263767529 0.04203244187847678 -0.05820419245380931 0.997371267143671
1341840846.530439 -0.011785887865571592 0.20416082999189403 -0.04710858366802535 0.004404520885873556 0.041204968832335084 -0.05746022762050064 0.9974873798605626
1341840846.562569 -0.020004960548220024 0.21136400495894073 -0.050809195111310726 0.006963685368729699 0.043281073741039726 -0.058672262572609435 0.9973143041922725
1341840846.594486 -0.02472025941510576 0.22265561528002348 -0.05229763371613045 0.009930905800473903 0.04432325362315855 -0.05823211559396909 0.9972691948574807
1341840846.630509 -0.015502777965778312 0.22482825018480168 -0.05060336546545326 0.009537209559623632 0.04260813041378899 -0.05838643151095465 0.9973387656518078
1341840846.662363 -0.011004333573081858 0.21429035459140455 -0.04844794049543766 0.0048078021985770115 0.041930340845264494 -0.059083044404817216 0.9973604791741427
1341840846.698323 -0.02580919328462967 0.21298537922739785 -0.05028527214096845 0.0053461674703068245 0.04536392688290768 -0.06308828640937791 0.9969620859135355
1341840846.730390 -0.04661731566065137 0.23533290148903044 -0.05241784493912182 0.011012287119346034 0.05007907019082603 -0.06597702509270857 0.9965028090382573
1341840846.762470 -0.04646999733856319 0.23442709093258735 -0.04719491091794256 0.009927394623276575 0.05019746110913584 -0.06568473219201615 0.99652755992549
1341840846.798363 -0.03479549717178571 0.22093513863306521 -0.04485588155276907 0.005276725868122639 0.0480052903856721 -0.0637973190119185 0.9967936347840457
1341840846.830356 -0.03563733502870879 0.2240191983035057 -0.04425222196988269 0.006154041858426745 0.04839597230861352 -0.06442864311350209 0.9967291044108523
1341840846.862350 -0.04289144656139951 0.2260526885907936 -0.04096691052719739 0.004421448232296015 0.05020935017107785 -0.06602551153587088 0.9965440801978364
1341840846.898489 -0.04050997211723032 0.2259085649349456 -0.0407034059117489 0.0034550713732372103 0.049910919832622615 -0.06548419869974927 0.9965986064027567
1341840846.930380 -0.040388095881125796 0.23117598062777364 -0.040195080176115415 0.004338373968200642 0.05006696712554296 -0.06597631396428308 0.996554867184866
1341840846.966358 -0.04927513644459896 0.22644312965380997 -0.03251545089900804 0.0008071127258987021 0.05271650844184531 -0.06565090111204773 0.9964488333526829
1341840846.998844 -0.05192674691644756 0.21305090554121203 -0.02905022751849868 -0.004735825440830126 0.05327780787757904 -0.065176011378655 0.9964392277936077
1341840847.030411 -0.04394339081105787 0.21771604629911226 -0.03154750987420797 -0.002868801695097812 0.05122023066744931 -0.06424834578721085 0.9966144731092421
1341840847.066359 -0.040680631943012024 0.22480055082087305 -0.031376327609985766 -0.002263738431127935 0.0508004897954548 -0.06330289984057605 0.9966980127383765
1341840847.098410 -0.046684604605104874 0.21430050240764914 -0.0261761293897502 -0.006976312021012727 0.05244251044596414 -0.06363862065895652 0.9965697367115527
1341840847.130366 -0.04836593695714304 0.21242869921593802 -0.02564547226336587 -0.007932315016805849 0.05267926540670042 -0.06357345746500248 0.9965542578709038
1341840847.166401 -0.04527737891620006 0.21409994422394754 -0.026047556445952157 -0.0073203754137842305 0.052124170761723515 -0.06250003632663823 0.9966560231019378
1341840847.198307 -0.04352576185391306 0.2161130616832697 -0.025784185180618247 -0.007832864434432275 0.05202295322690643 -0.06210667817401641 0.9966820050038476
1341840847.234496 -0.04509239107656919 0.21223136963868547 -0.02539548285991951 -0.00888511788264079 0.05228275664382206 -0.0622233762303334 0.9966523062173841
1341840847.266747 -0.03889970260574276 0.221351212508789 -0.03174803169906285 -0.004946321131730207 0.05024995551253092 -0.06257776383102058 0.9967620073779684
1341840847.298356 -0.026778594501271444 0.23428689121739635 -0.03538275898911753 -0.000980532218653804 0.04783020645006725 -0.06042658939483936 0.9970255449092653
1341840847.334573 -0.024440578049712634 0.23197713846834703 -0.034274843654380764 -0.0024591125914301378 0.04753263358625144 -0.060406785312739304 0.9970384254369518
1341840847.366405 -0.0277065517118624 0.22841129179696376 -0.03395230526917434 -0.0029714794413437905 0.04798061529933136 -0.06212064423960452 0.996910254950104
1341840847.398361 -0.026299227377243484 0.22903102565017894 -0.035392929345398824 -0.0017421156721654867 0.04748997646151688 -0.06265614097587675 0.9969031423195927
1341840847.434625 -0.02451287234095859 0.23281884558127428 -0.03600245617927715 -0.0005084109843951647 0.047153558320892956 -0.0627451486862833 0.9969149059835963
1341840847.466370 -0.030212456262556104 0.23546255228120785 -0.03383996644698998 -0.0009298033678073427 0.04896086610085342 -0.06488501007911014 0.9966904757864314
1341840847.502590 -0.041302234278632395 0.22916639321312576 -0.030901515896167887 -0.003436969877843833 0.051492549374651315 -0.06691541470315358 0.996423118896817
1341840847.534309 -0.04031983373068345 0.23071099595161892 -0.031230447133556813 -0.0027691261208798246 0.051042346217696044 -0.06665203840601967 0.9964660137754019
1341840847.566354 -0.03479430409035857 0.23480195753815666 -0.031181099200598663 -0.0026710111847750044 0.050296239458976544 -0.06429235959717602 0.9966592429175384
1341840847.603337 -0.03488149202464113 0.2248121434943348 -0.028480571995437777 -0.005572696365101149 0.050398501427733416 -0.06446333521155141 0.9966310322895138
1341840847.634465 -0.03787483004575252 0.2221256219437093 -0.028289114824589318 -0.0055700934009964564 0.050818413721009946 -0.0663770783526511 0.996484092374659
1341840847.670420 -0.036917562495323755 0.2230890094740545 -0.02877228524070712 -0.004501477318285311 0.05057301966140058 -0.06641703710970141 0.9964993143830287
1341840847.702420 -0.03529433467150785 0.2241451794456443 -0.02880607049937241 -0.004372558290947936 0.05031170158095657 -0.06576363044885218 0.9965564501463051
1341840847.734342 -0.03660408896110343 0.22654020533040573 -0.027665815247278586 -0.0049097042718926195 0.050998316915936 -0.06571955755793077 0.9965219547155455
1341840847.770464 -0.04386127181001372 0.21723500282978647 -0.024032575226553204 -0.008532991728856668 0.05287167456376677 -0.06655533045463541 0.9963443993263825
1341840847.802407 -0.043923899754883894 0.2109091464560534 -0.024335065415155226 -0.008424436548971365 0.0526792656700724 -0.06666540432528525 0.9963481558689401
1341840847.834306 -0.038390642097629976 0.2267244800960895 -0.029331537465023753 -0.0027092440411447104 0.051529617328257414 -0.0663266827384684 0.9964628089856824
1341840847.870532 -0.03807407081588918 0.22944947425730203 -0.028983227657659018 -0.0029007786396982728 0.0517783396571919 -0.06654721299630212 0.9964346729555581
1341840847.902485 -0.03921766017923482 0.2280758283788654 -0.028901949627479308 -0.003429634340391625 0.05192011212193441 -0.06646715713641276 0.9964309592679955
1341840847.938405 -0.035612679504872936 0.23028001001213766 -0.02938408283464699 -0.002826754966664282 0.05101670985065071 -0.0658904215666339 0.9965178157555146
1341840847.970339 -0.029095595212627695 0.22152437890395593 -0.027702551076202366 -0.0050946545601144155 0.04940738360194897 -0.06539215298597499 0.9966227075821517
1341840848.002312 -0.028625265709345416 0.21514440884783004 -0.028093492424698507 -0.005134098594185687 0.049198545219816536 -0.06502682423470373 0.9966567394593915
1341840848.038354 -0.026162747167373927 0.22188410705490993 -0.030844054516706736 -0.0022951041915223558 0.048418696945334565 -0.06467176286947376 0.9967286116943858
1341840848.070743 -0.023185904104061083 0.22011517072411738 -0.03162792936111728 -0.001738522923110393 0.047719761587697446 -0.06408831296774976 0.9968011286274732
1341840848.102909 -0.02111332486819005 0.2196767486854547 -0.03195858505837084 -0.001194739621144017 0.04753571672665975 -0.06287541740321816 0.9968879626712768
1341840848.138432 -0.019953831156817443 0.22121353076594016 -0.032046089075216444 -0.0013454533310371776 0.04779178250169325 -0.06411628254102368 0.9967964875508751
1341840848.170385 -0.019747138944415783 0.2225979639788091 -0.03175309709886708 -0.001994343495991812 0.04806669104626894 -0.06421149488759531 0.9967760529477923
1341840848.206548 -0.018117934863105426 0.21985555356567116 -0.03168028147175041 -0.002881942887439963 0.047892084472990565 -0.0635461742704228 0.99682492263467
1341840848.238651 -0.016796559800037948 0.2169342340933259 -0.03214750020535346 -0.002490440726565968 0.04769866728532905 -0.06327519631437545 0.9968524887743249
1341840848.277372 -0.013965471830242892 0.21843995014786302 -0.03248174835940556 -0.001978928675967287 0.047204481598627675 -0.06262043833043368 0.9969185029186699
1341840848.313384 -0.012996037770441265 0.2168652039657078 -0.032579051867772456 -0.0022386168850025575 0.04717546089245536 -0.06250744754789386 0.9969264182902725
1341840848.345285 -0.012046139691290935 0.21507381395295955 -0.032893609208354053 -0.001524010474907558 0.0471008995180611 -0.06266935543968376 0.9969211275449196
1341840848.377729 -0.01130997410007892 0.21595181279893746 -0.03289267816665161 -0.0012134341890052904 0.04718208530402449 -0.06281334575510991 0.9969086527856396
1341840848.413434 -0.010167870930441268 0.2174021641038958 -0.032880277503483615 -0.0018191254455468995 0.0472675681528473 -0.06281272641135148 0.9969037211207006
1341840848.446614 -0.009723646925831123 0.21618956158862696 -0.03299974893447261 -0.002093102805214759 0.04734622648722585 -0.062830143185787 0.9968983533266157
1341840848.477376 -0.008742694778693345 0.21468860305012336 -0.03319756116663049 -0.0015163109276929623 0.04728025735351972 -0.06279613961812092 0.9969046709263699
1341840848.514358 -0.0061549700599018 0.21878276126982624 -0.033249457036534015 -0.0017339080297593314 0.04713300311856334 -0.06134827789180952 0.9970014354952936
1341840848.545352 -0.005704591788362164 0.2126747288807434 -0.03296720313002571 -0.003502169603956047 0.047198602497137705 -0.06134726894494466 0.9969937508948469
1341840848.581630 -0.016166114760311052 0.219653646820726 -0.039107605402397834 0.0002132502618837783 0.049725595398947976 -0.06228350146300639 0.9968189831318678
1341840848.613497 -0.016642926831179957 0.2374605952634954 -0.04310961660361895 0.006582473423250166 0.050074023390002616 -0.06250297514962275 0.99676609157947
1341840848.645345 -0.011692760576206582 0.23694676091873884 -0.043305451998284616 0.005446460595697838 0.0484554227913201 -0.05991445003758143 0.9970118689091846
1341840848.681427 -0.005250264490593833 0.23216217367629657 -0.0458967112898311 0.0055034010674959045 0.04666967408778298 -0.05934551867516932 0.9971307655018989
1341840848.713310 -0.010679810337830001 0.24726592241479053 -0.05156500310276377 0.01115080039125351 0.048147432936442004 -0.060277896890479694 0.9969574010451616
1341840848.774529 -0.019328675710649813 0.25499445944295307 -0.052868463399719685 0.014083024035594114 0.05022986771310586 -0.06252007762856289 0.9966794212367648
1341840848.806548 -0.019034515454842978 0.25724559760724397 -0.05286921780217628 0.014719380687464 0.05028934676526602 -0.06259127085737488 0.9966627585329736
1341840848.842443 -0.012127106776449223 0.2519843377752192 -0.050807139671883106 0.012137462444504631 0.04874348209931002 -0.06130006689686605 0.9968545815497262
1341840848.874427 -0.007516164068699041 0.23949455478012494 -0.05127022667899751 0.009688429477536339 0.047520618045302936 -0.0607835875692495 0.9969720561164489
1341840848.910589 -0.006738502428367327 0.2554729802522944 -0.05943963474787424 0.015167340867337524 0.04757884444682514 -0.06053317633046973 0.996916215083023
1341840848.942390 -0.007627537885159744 0.2572443176363139 -0.059649464551936926 0.016486299873119684 0.04799483188721709 -0.060993203533015405 0.9968472937974947
1341840848.974342 -0.009733659096481759 0.2521371472473047 -0.059808922789678955 0.015188354420427983 0.048518663017104856 -0.06121126121798523 0.9968291903476407
1341840849.010480 -0.012586535034480109 0.2593100732425465 -0.06989151322117537 0.019397210388539594 0.04836860952200557 -0.061326812537978385 0.9967563633636752
1341840849.042373 -0.00025502184052120583 0.28793401022209086 -0.07627458751395153 0.027697269360346572 0.04538588948853537 -0.06189514171720068 0.9966654271806159
1341840849.074269 0.012284200327153445 0.27549657187472854 -0.07216722152471139 0.023177718447798125 0.04295172951264579 -0.06111653000130053 0.9969366640163378
1341840849.110433 0.010853039845498782 0.269143023187286 -0.07249812058577856 0.02177270238958051 0.04342016217665372 -0.061589479572490766 0.996918941014361
1341840849.142356 0.0025278723668483785 0.27341418858768224 -0.07365679301174577 0.02441890035505392 0.04485717043447904 -0.0617704563580178 0.9967828059749934
1341840849.178427 0.002789955383812151 0.2697241487988549 -0.07435975789000131 0.025267013412249552 0.044389659049262 -0.06141011010275163 0.9968048628392022
1341840849.210439 0.0069339827443710336 0.2697416392726912 -0.07528920818533973 0.026359358435043858 0.04344031743022905 -0.06089226478600328 0.9968501668423808
1341840849.242309 0.007726440370075332 0.26501941997774225 -0.07569702271582582 0.026243154631736234 0.043081002852653476 -0.059462953681947504 0.9969551048906868
1341840849.278391 0.018524146030244756 0.27135326906753987 -0.08024481925126316 0.029533797329331743 0.04040665500513565 -0.05850385847170721 0.9970317726083385
1341840849.310332 0.020621788292865133 0.27643834978208554 -0.07983933535232578 0.030846645816397216 0.04003892706707294 -0.058466946540757715 0.9970090194794593
1341840849.342402 0.005297382245123383 0.2651840884077863 -0.07415174244531594 0.02679104052306058 0.04378445944575756 -0.0593567498471177 0.996916213884757
1341840849.378339 -0.012494385689955013 0.25753677254139506 -0.07609034823682936 0.025696529543832836 0.04789642488801969 -0.06397988700925679 0.9964698665341715
1341840849.410390 -0.025326389460794733 0.2800988908931008 -0.08190623777646582 0.03281392218081946 0.05041690529585517 -0.06451576493011456 0.9961019517333451
1341840849.446437 -0.014725867197144485 0.2874624724648899 -0.0803582058498504 0.03463463439721664 0.04845754358438629 -0.06208769155217087 0.9962918383323524
1341840849.478425 -0.004585017662616304 0.2735013991567007 -0.07917167027279638 0.03002341097008145 0.046004996327155774 -0.05995292702926612 0.9966884075012014
1341840849.546449 -0.034659072148998854 0.3001060985259777 -0.08232562807147628 0.036993385099260395 0.05281375242445607 -0.06452170704275371 0.9958308823962193
1341840849.578498 -0.03997962617609223 0.30795286352807244 -0.07881605564315819 0.035825060621897165 0.05511139830778661 -0.06735686205876 0.9955613250531544
1341840849.610692 -0.048133050795136474 0.29207586999498736 -0.07200615131019675 0.029506202216152817 0.05733899538224789 -0.06817737624843236 0.9955869972067791
1341840849.646317 -0.04841930675085667 0.2898727629450796 -0.07220957335233393 0.02856843714198316 0.057890936415325236 -0.06949967706841717 0.995490973724827
1341840849.685647 -0.04630793619995707 0.2961861042956005 -0.07162808881530056 0.03030286142166086 0.057590236142491896 -0.06946704075486149 0.995459407278605
1341840849.746347 -0.05516113925447785 0.26662600815285803 -0.0538118512826125 0.01932406263162346 0.06001250117701658 -0.0664764471886548 0.9957941364936124
1341840849.778359 -0.05621977266659113 0.26652800971189683 -0.053764250399065634 0.019416937539067553 0.06055111301911618 -0.0692098847320724 0.9955734714746677
1341840849.814323 -0.05292814034724985 0.2743067004939597 -0.05318777198025944 0.019703887838958985 0.06032254139507548 -0.06918709230595116 0.9955832933822835
1341840849.846557 -0.050082650263904085 0.26505036304992385 -0.050242770770788855 0.014735322196019907 0.05988167563223792 -0.06860374171193423 0.9957362009218981
1341840849.882256 -0.049578927779120346 0.2622752232542095 -0.05028181446153619 0.013988754296845445 0.059728259434378116 -0.06834436282390888 0.9957740194684501
1341840849.921575 -0.03852645425019818 0.2749423031244089 -0.0539889310717395 0.017978146851309943 0.05749974465299093 -0.06774474889936247 0.9958821288672637
1341840849.982476 -0.03864323611045884 0.26107177166323925 -0.04600632864989546 0.011831627992204757 0.05773056559276101 -0.06709889976336982 0.99600448393867
1341840850.014371 -0.044283011712379985 0.2677954300592132 -0.05024200771629359 0.015289721485353581 0.05927543747604668 -0.067741436038759 0.9958231493454686
1341840850.046326 -0.04611380967875238 0.28989939678531507 -0.0516375416177959 0.021060541827963703 0.059431638975928416 -0.06739546045576854 0.9957319849118534
1341840850.082415 -0.03563238030612357 0.2790518826005946 -0.045415662429957517 0.016620639426891372 0.056775274039879885 -0.06661157861420228 0.9960237046362195
1341840850.121449 -0.0314608228877689 0.2686299144303312 -0.04690902309453072 0.016247436046953462 0.05627122271643702 -0.06541662105737044 0.9961376591642997
1341840850.157539 -0.031973239054659944 0.27974247962381943 -0.047384837756690334 0.018676233202551185 0.05719230324996585 -0.06476769296593501 0.9960850288555668
1341840850.189410 -0.029296326542083008 0.2767401312443802 -0.04610105086694052 0.016169291140792293 0.055827222718524507 -0.06245655627144885 0.9963538798068933
1341840850.221491 -0.027413657452181557 0.27098530415010114 -0.04683850796000323 0.015846602689586865 0.05525772299959922 -0.06130376601405743 0.9964624014505458
1341840850.257570 -0.03155204047894029 0.2864906818534353 -0.0511877270440725 0.021146534715374397 0.05657879781035225 -0.06160854757867047 0.9962710728376643
1341840850.314521 -0.03162654352241373 0.29129788267691836 -0.05111790814168927 0.022119907040363943 0.05707638519783939 -0.06347441482934754 0.9961044095010032
1341840850.350348 -0.029255558060764165 0.29467785213772546 -0.050833925645154196 0.021142757391931513 0.056912791269276876 -0.06308796602823433 0.9961595386996114
1341840850.382480 -0.027725926538882006 0.2956009987187994 -0.050769586384060574 0.02045800943467253 0.05684717564657622 -0.06293077703725798 0.9961875254049619
1341840850.418448 -0.031391813081406664 0.2955600170648907 -0.05050240373638805 0.02033328713153688 0.05755796956459394 -0.06524313799156639 0.9960004872082331
1341840850.450229 -0.03189006203832066 0.295750206752344 -0.05039544962481217 0.020607159208413783 0.05743024796108711 -0.06560604587377811 0.9959783925132569
1341840850.482352 -0.02868042494425967 0.293581900841324 -0.0509600447329064 0.02080020148867429 0.05692965749404972 -0.0630635165973233 0.9961673346331008
1341840850.518351 -0.03709266141709901 0.29192206059322234 -0.051182596447961325 0.021582920825197038 0.05882258787484611 -0.06557168458773507 0.9958787249784394
1341840850.550287 -0.06730205384391126 0.3025922995076104 -0.05016631836158459 0.02374325404075502 0.0657106103044007 -0.07000239295961307 0.9950969995738622
1341840850.582563 -0.06803516231436191 0.3018703977273861 -0.04992466358688765 0.023396620219899664 0.06589864649244905 -0.07022969729811225 0.9950767589337822
1341840850.618439 -0.043803981284036356 0.29323647654036156 -0.05612608165954131 0.02248934856830103 0.05963430339701338 -0.06610400123592984 0.9957751955536565
1341840850.650443 -0.021176339580955265 0.30901811215727465 -0.06851558572538698 0.02829926286318471 0.05461723164196722 -0.06525305853724325 0.9959709574484084
1341840850.686406 -0.01628638688277609 0.3320970943565625 -0.06989809716694265 0.03439296656960512 0.05379663610275828 -0.06600210651852328 0.9957744562548706
1341840850.718516 -0.0164460938537552 0.31446118478297264 -0.06269492673596848 0.028435504393484447 0.053810792616247126 -0.06554583754955053 0.9959917488954533
1341840850.750308 -0.014692848782769876 0.30800348885871726 -0.0635095121709045 0.027110162298715122 0.053255033977214795 -0.06464108047007332 0.9961176994571881
1341840850.786319 -0.002790077405909447 0.3231515217928484 -0.06795341254138478 0.03187276764707769 0.05092949307316873 -0.06450806155795029 0.9961069337234117
1341840850.818316 0.0024268279556530267 0.32964768682671264 -0.06757560248047145 0.03194945859289 0.05074319995273345 -0.06391414241685539 0.9961522685580214
1341840850.854290 -0.0008148736712026874 0.31606628593459285 -0.06486042731706292 0.027277102794919256 0.05177762808703597 -0.06435711813675275 0.9962094148510765
1341840850.886322 -0.0018565947031494634 0.3150466941417473 -0.06485033286559491 0.027416712692532066 0.05219884565738904 -0.06722259821863447 0.9959943406796564
1341840850.918358 -0.002534400832744475 0.32026415881014414 -0.06424557514242339 0.027763380163210897 0.05284528912324036 -0.06973964684041743 0.9957775614051383
1341840850.954395 -0.006898126597742502 0.31351567759708293 -0.06170385687651618 0.02467746428881574 0.053844407836141715 -0.06968875548606908 0.9958088570904804
1341840850.986448 -0.0026031426629539757 0.3089340441485037 -0.0625768901625879 0.024407317538881142 0.05324951154110766 -0.06766131407693192 0.9959873086282621
1341840851.018447 0.00947629915959611 0.31901568374476236 -0.06573785096697402 0.027603098923975958 0.0509184231703103 -0.06762691130252263 0.9960281040107851
1341840851.054395 0.010556824767443603 0.3217414585998453 -0.06525678505910218 0.02717664175634014 0.05085801422464414 -0.06736122853680179 0.9960609205374853
1341840851.086362 0.01239377119323529 0.3189201241755738 -0.06560416731534324 0.02657762319193832 0.05054706289493461 -0.0669825270183596 0.9961184495090903
1341840851.122353 0.018602185666101452 0.3200764317806752 -0.06684233880279519 0.027994912403997582 0.04980853669751066 -0.06720491555931861 0.996101849148071
1341840851.154293 0.020880176526840082 0.31934595295102686 -0.06695811636186419 0.02800757607765679 0.04987165987222035 -0.06772483446116306 0.9960631205004271
1341840851.186482 0.021628540433086374 0.3174644279099825 -0.06731714276134186 0.028441324110885544 0.04981290367776025 -0.06764723705281037 0.9960590429433022
1341840851.222499 0.02445426588789847 0.31872896123063993 -0.06732448272931114 0.02889244149296321 0.049485923824093836 -0.06715261671210114 0.9960958268342287
1341840851.254587 0.0256093012723219 0.31738013237580215 -0.06739071246060424 0.028407679336927637 0.0494826351320284 -0.06702497931349129 0.9961185294547548
1341840851.286786 0.02696050598087425 0.31364293375581515 -0.06795857870283052 0.02891074177166276 0.049595375298455265 -0.06813640407709388 0.9960230409978761
1341840851.322525 0.02715956501176326 0.31417205955572824 -0.06820076015095296 0.029884756763576915 0.04961670750028012 -0.06856707152172291 0.995963674213545
1341840851.354461 0.02957039265250351 0.3166554338759766 -0.06799531223424805 0.029630636952860882 0.04945869607982601 -0.06827460632169266 0.9959992173026367
1341840851.390383 0.03017311808173331 0.31532748776298497 -0.06801689836735725 0.028688982883965066 0.04967782185062897 -0.0692309310703579 0.9959498654351976
1341840851.422373 0.028780416834919494 0.3122761791514092 -0.06844939812796234 0.029267830751192273 0.05035496371831837 -0.07134034434141781 0.9957501328050579
1341840851.454333 0.02647366836258467 0.30938502949979296 -0.06850951693434121 0.029435693009380568 0.05066139245904883 -0.07203816322990456 0.9956793993699103
1341840851.490328 0.03977864399116699 0.3086626082224357 -0.07375833262915679 0.030581560561818617 0.047015321718659187 -0.07001156473674475 0.9959682266419966
1341840851.522431 0.05902555419476027 0.31387466857889246 -0.07692362884104191 0.03317615042142646 0.042992497806041294 -0.06683284684800392 0.9962852798058395
1341840851.555777 0.05864984279097941 0.3121437375014831 -0.07719796887469607 0.03275802200642163 0.04322729442291071 -0.06711591890247538 0.9962699264963155
1341840851.590800 0.048247984305210434 0.3103857454767516 -0.07906172005087689 0.03422463969260904 0.045514620597986784 -0.0686251692996998 0.9960159032306241
1341840851.622401 0.05168223353733685 0.3265887268274297 -0.08078028101401849 0.039208217948593985 0.04489993762618127 -0.06856857959863008 0.9958639772269517
1341840851.658371 0.06469776578931176 0.3211290842645007 -0.07930802895077012 0.03628626996335455 0.042405937937152485 -0.06759026339984121 0.996150891849901
1341840851.690446 0.06491285002467403 0.31721551667469866 -0.0797437496650476 0.03526515124031484 0.04259100704799442 -0.06763411074370203 0.9961766923044024
1341840851.722387 0.06383076316888946 0.3153531442675469 -0.08013253297884441 0.03611984177838393 0.04312766725990499 -0.06917378347861128 0.996017243337621
1341840851.758379 0.06443794618357632 0.3137073527692753 -0.08022705356152127 0.03605475641048687 0.043058884830701395 -0.06922898167500521 0.9960187423304616
1341840851.790498 0.06842940208201033 0.3079477763306257 -0.08103940368712532 0.036421831916182396 0.04270897960778786 -0.06816279694920371 0.9960939846885878
1341840851.822502 0.06878128776918188 0.3018804529257759 -0.08192586347958265 0.03709912762780987 0.04248331695350094 -0.06779885394432904 0.9961034775131123
1341840851.858469 0.07976041790691143 0.3078630414458393 -0.08431424491380275 0.039921465234364434 0.040182993065405334 -0.06789713700356562 0.9960831202608355
1341840851.890382 0.08438629697779745 0.31479762366149405 -0.08359305442286628 0.03994341851309834 0.03981600793125402 -0.06606601713992315 0.996220101287446
1341840851.926297 0.08361425914267148 0.29367715209715617 -0.08152883003541112 0.03380240758005742 0.04060072694308686 -0.06654186250230122 0.9963840417972407
1341840851.958364 0.07643421011192822 0.305234121567951 -0.08762001369182781 0.03796068409518543 0.042313864378261165 -0.06633391822544686 0.9961768591155185
1341840851.990589 0.08324967371275804 0.3169093135107361 -0.08732116751732581 0.04111155251219959 0.040811302848567946 -0.06616091508696205 0.9961260016306627
1341840852.026374 0.09752769238802751 0.30302577492940114 -0.08357598456510242 0.03641708657648381 0.037938197271087444 -0.06528770055510179 0.996479806694207
1341840852.058336 0.09758905319939169 0.29970360754671715 -0.08401749404832706 0.03564466148423093 0.03819727985921711 -0.0654186017948238 0.9964892535588316
1341840852.094404 0.08928107465430489 0.3072734674022407 -0.08525169406925827 0.03859587015990683 0.03997213986434791 -0.06478922325589037 0.9963508134142104
1341840852.126392 0.0926771856318893 0.3110287491434095 -0.0849177095992824 0.039229645336869054 0.03943189850848836 -0.06288615127677954 0.9964695139763935
1341840852.158516 0.10229785662274375 0.3081871267877356 -0.08338233554238154 0.036687535747887204 0.037545602753554105 -0.06295960719203443 0.9966345570452794
1341840852.194279 0.09756391737001496 0.30239107061339227 -0.08438075568817681 0.0343536265711469 0.03927927233447632 -0.06523304633239715 0.9965046998245796
1341840852.226380 0.07815767512118602 0.3150832213270942 -0.08832747295704847 0.038165806980658294 0.04420702697994871 -0.06732021485335349 0.9960206316212548
1341840852.258313 0.07777666065398077 0.32180340488843434 -0.08719666543634316 0.03916523924423074 0.044306799406740725 -0.06785168777073082 0.9959413336276048
1341840852.294500 0.09450167663745723 0.3027156959237358 -0.08503460378201572 0.03369624129407149 0.040102760692892335 -0.06492610194459485 0.9965143918648323
1341840852.326311 0.09517791072166655 0.2931605828092089 -0.08660978706383171 0.03361744325566841 0.04005346132997148 -0.06358053425036982 0.9966057913783534
1341840852.362368 0.08186444015114604 0.31407916070501046 -0.09111957951991571 0.039466363799924874 0.04368859375323908 -0.06653863948304113 0.9960453415181549
1341840852.394489 0.07871100572499107 0.3191180791282748 -0.08889973231581023 0.03932989290863443 0.04544019167365167 -0.0688177499360367 0.9958174861882041
1341840852.426307 0.07562791974500123 0.3003273154355711 -0.08720730245064649 0.03369575601619651 0.046338050966670055 -0.06844896718079597 0.9960080923119979
1341840852.462394 0.07710855589442357 0.293519630120877 -0.08864702573397039 0.03446797039857378 0.046594771778768904 -0.06890901526335938 0.9959379668809284
1341840852.494557 0.07781721228629467 0.2934426911559392 -0.08914724641814387 0.03624909276015545 0.046546117426713184 -0.0692719585570962 0.9958518253155052
1341840852.526348 0.08030717776123669 0.29459837464687194 -0.08898161403409169 0.036203958975034714 0.046300520222623626 -0.06883330427688084 0.9958953315504446
1341840852.562305 0.08555210859125022 0.2974086217630654 -0.08905022103639941 0.03517140476475208 0.04644926284873455 -0.06929954678068358 0.9958930721135028
1341840852.594400 0.0884448510298862 0.3005098022755306 -0.0890907893845684 0.03473076493911462 0.046840682024316085 -0.0712989330716086 0.9957490580548325
1341840852.630345 0.08838644201867947 0.30567262165733183 -0.08832644473510648 0.03396101043241007 0.047212762646586366 -0.07182063535082332 0.9957205437026426
1341840852.663508 0.08753284863649693 0.3006159000950166 -0.08841794212779387 0.0324945394467101 0.04726446269942852 -0.0711085797683705 0.9958181286536217
1341840852.694654 0.09252913677047055 0.3177150437900761 -0.09513071535441045 0.03779197139348821 0.045851914219036574 -0.0705139949511338 0.9957394967443396
1341840852.732477 0.09776340243876304 0.32960534089682697 -0.09499508177891554 0.040718660384910135 0.04414742109535247 -0.06938562543892601 0.9957804129874881
1341840852.762455 0.10724712765407954 0.3300356247338655 -0.09352628256687211 0.03882925337303635 0.042120242932475745 -0.0682627902209458 0.9960212676891235
1341840852.794631 0.11348098030870245 0.3359666778076091 -0.09308194475074152 0.03814135338229764 0.041795736174235196 -0.06753308301903867 0.9961112569877721
1341840852.862990 0.09975760351745001 0.32188154759858306 -0.09086211905227286 0.03354770365522081 0.045877063682793 -0.07128336171026356 0.9958355933338523
1341840852.898597 0.09473275684031901 0.3415234196011373 -0.09605080462434384 0.03967280721314079 0.04739919219808208 -0.07235215833402593 0.995461978244876
1341840852.930367 0.0963957788834241 0.35182392007602364 -0.09421040721234085 0.041060904066258536 0.047333305305767154 -0.07255667239305859 0.9953939369201193
1341840852.962482 0.09729728668363916 0.33394141627446017 -0.08793914369124739 0.03368316708802284 0.04717169475028577 -0.070964091220016 0.9957933386132983
1341840852.998535 0.09944645136712862 0.32616662988137074 -0.08912550824694455 0.032493680305588385 0.04672812618163161 -0.0702808649118048 0.9959022256180552
1341840853.037588 0.1054304719341365 0.3463757111816301 -0.09431355249710183 0.038436041084600636 0.046038031035545976 -0.07164795432494044 0.9956253015493128
1341840853.098354 0.10588499009890621 0.3439182423367277 -0.09447283456262777 0.03777896526503326 0.04605012406814268 -0.07170118022993913 0.9956460599080585
1341840853.131999 0.11640142994080928 0.347372711117583 -0.09707929577219329 0.03967717865397172 0.044056097021995644 -0.07299227121983612 0.9955686365848487
1341840853.166530 0.11886127253580649 0.3469204775032411 -0.09711199500069279 0.03975666126769896 0.044175203816835394 -0.07420198317444467 0.99547075544466
1341840853.198406 0.11682697127315574 0.3409965883340028 -0.09775083963682744 0.039332090301154185 0.04454568311323388 -0.07603271965456569 0.9953329565177891
1341840853.231726 0.1205247767685788 0.36122292849858234 -0.10303407432407019 0.04509881344892684 0.043867333671754515 -0.07614951238310623 0.995109544636087
1341840853.266442 0.12329915258784326 0.36920058197171834 -0.10186188623811743 0.045455784717163536 0.04376550494589081 -0.0761230374397013 0.9950998117694163
1341840853.298516 0.11714680421113023 0.34546689063350633 -0.09681299912553255 0.038161817514207774 0.045830646933172146 -0.07772095242333424 0.9951897713703174
1341840853.334385 0.10881849173990644 0.3341469953929418 -0.09961584591161136 0.03798338003994957 0.04726003621100368 -0.07865141917561404 0.9950566346091727
1341840853.398402 0.12604085212482471 0.36637223103974553 -0.10617584180159281 0.047247565385107076 0.04362807061000385 -0.07775930429141455 0.9948958486274526
1341840853.434335 0.1279077550864262 0.353134468703702 -0.1055326747053549 0.043124538551454934 0.043912846523674734 -0.07904662519984909 0.994969128731853
1341840853.466387 0.12815728816862998 0.350704182547965 -0.10610434882308921 0.043628716919602066 0.04413906270910741 -0.08064822078751285 0.9948085960057416
1341840853.498430 0.12946223255153275 0.35169060170208866 -0.10593662207492985 0.043751215315147744 0.04409920963660565 -0.08095210252208682 0.9947803013555924
1341840853.534407 0.1329663645844685 0.34976283451581497 -0.10643585178027205 0.04327206827977234 0.0441459352555212 -0.0812522559162979 0.9947747159109512
1341840853.566451 0.13322018058349097 0.3487957700681464 -0.10671991176132459 0.043938991004768474 0.04455442818797433 -0.08337730211942353 0.9945514031409373
1341840853.602691 0.13460347415945076 0.35467702463641493 -0.10599458758226005 0.044332338268603375 0.04461745409412447 -0.08407706179541324 0.9944722088895409
1341840853.634832 0.14302109412544783 0.3557892558274968 -0.10402654090402541 0.04130707277985891 0.04363450999660061 -0.08430508334842347 0.9946267682891541
1341840853.666488 0.1384990771928416 0.3378614538900093 -0.10126782374783508 0.03527851963146758 0.04469626615451612 -0.08440371321092129 0.9948033388769161
1341840853.702424 0.13604550429607035 0.3311267701883418 -0.1023508229214104 0.035899934097283655 0.04490695290176294 -0.08487132184588886 0.9947318327273015
1341840853.734353 0.1423519907552083 0.3517001517245568 -0.10441629933763319 0.0416101725977209 0.04373279551239329 -0.08490521875365753 0.9945587664695573
1341840853.766467 0.15050064646571615 0.35326168552719267 -0.10240178620799681 0.039574768498664 0.04236574367216143 -0.08530120086563119 0.9946671235103018
1341840853.802607 0.14975039952056282 0.33783154475436605 -0.1015579838695906 0.03577244940235685 0.04272032539361184 -0.08584367391147496 0.9947492997290298
1341840853.834576 0.15132400360072726 0.35897270822859234 -0.10804873248367206 0.04135468334008953 0.042849589063721855 -0.08649957285649869 0.9944704755690585
1341840853.870615 0.15447823630995328 0.36643064091621086 -0.10713113527254665 0.04227087188044723 0.042901678324803884 -0.08792243352554319 0.9943049155416679
1341840853.902573 0.1545952415650393 0.35743467511733507 -0.10451896027938189 0.037726074710348445 0.043797075395598274 -0.08851890296833041 0.99439577799336
1341840853.940152 0.15560231963772123 0.3592139176289415 -0.10412642234411522 0.036835540125567924 0.044192220990275886 -0.08965310020387243 0.9943100684451676
1341840854.002413 0.15772644861437898 0.3648333641775127 -0.10352334271110857 0.0370454744172055 0.04412613394668696 -0.08959373811986798 0.9943105547150884
1341840854.034566 0.15701679617512873 0.3631840844718695 -0.102813340954682 0.035614733105158766 0.04533855638792392 -0.08994597206315685 0.9942764847868607
1341840854.070475 0.15588428675308622 0.35930466556624396 -0.10377891916702132 0.03563228773583498 0.04632409259170219 -0.09347202695192329 0.9939051255999037
1341840854.102373 0.1518286224262502 0.36927001272395804 -0.10451448103215674 0.038349394354864785 0.047483640318922084 -0.09316044042258773 0.9937785267326634
1341840854.138343 0.15492991190766764 0.37180857046033583 -0.10426520169724257 0.0379678415850982 0.04698016346095396 -0.09201234320855126 0.9939240594450958
1341840854.170475 0.15823690027610934 0.370216243228838 -0.10461245643333622 0.03729996808176609 0.0467357695795329 -0.0905428144361576 0.99409580975723
1341840854.202459 0.1583420848586797 0.36207211546906304 -0.10581782946569133 0.03753445220080824 0.04711343468905847 -0.09247337740101684 0.9938914244734327
1341840854.238384 0.15018276987489235 0.37770991438131024 -0.1088493316382664 0.042706924896479086 0.04887924221726833 -0.0920040790752938 0.993640874601913
1341840854.270355 0.15053037546927425 0.3784110932547675 -0.10843124226066887 0.043176922470050526 0.04827052484784844 -0.08924904588945742 0.9939015633375095
1341840854.306367 0.15487406575781076 0.3725754516350882 -0.10962499537224828 0.04266475548774881 0.04739937108529809 -0.08637945293508364 0.9942190947525196
1341840854.338540 0.16644643663798464 0.37990271701166617 -0.1141307948471425 0.04636106673219502 0.04538874400185593 -0.08830095835299348 0.9939785984433094
1341840854.370427 0.16223009887125683 0.3853501516083178 -0.11404848034820489 0.04814685745738887 0.046505564617241237 -0.0893377338274514 0.9937494059828066
1341840854.406491 0.16329691585898298 0.39060242157510267 -0.11334212675276005 0.04786104200890967 0.04607672399685704 -0.08705279077765607 0.993985949488903
1341840854.438402 0.17401682607865332 0.38484415719916526 -0.11309139809764836 0.0458376806318555 0.0441149820354388 -0.0857772405200963 0.9942811676799768
1341840854.470341 0.17385864805853624 0.3855118508645113 -0.11312042146612497 0.04599844196640989 0.04411152370540108 -0.0855838739873373 0.9942905598095386
1341840854.506442 0.1758244124878201 0.39107250792642995 -0.11238897312493035 0.046135136410303486 0.04373668849425232 -0.0847236043230038 0.9943744577061874
1341840854.538722 0.1854424883963145 0.3882168914074164 -0.11136358492967444 0.044255597233471916 0.042013805779960486 -0.085521642374223 0.9944658520648175
1341840854.574331 0.18874724286989417 0.3904401853401135 -0.11147538593020735 0.04389099372809261 0.042488784193150095 -0.08799764756251811 0.9942457935092343
1341840854.606460 0.1831979496530122 0.3937688099640425 -0.10911258532015877 0.04381924293407714 0.04444400615335761 -0.0902435466376796 0.9939621253126163
1341840854.638476 0.18103280860549906 0.3944221526163164 -0.10853732093810922 0.04282681730096492 0.044970438599126215 -0.09021741431232745 0.9939840750871543
1341840854.674312 0.18537981089717454 0.3978555412516491 -0.10847546833604947 0.04325537649146655 0.04431678905656999 -0.08798284100628605 0.9941951590612154
1341840854.706362 0.1919973834408823 0.39666542824497536 -0.10697344371422621 0.041918376456865726 0.04307614341848618 -0.08910547274593082 0.9942069755891526
1341840854.738328 0.19479245896812336 0.396046576382959 -0.10702725344548379 0.04102897014361341 0.043156971073572296 -0.08914369338175611 0.9942371454471837
1341840854.774384 0.19758771017017154 0.3968908142275714 -0.10718661394699204 0.0416151926003897 0.043145208630893175 -0.09012743770177296 0.9941245956570723
1341840854.806396 0.19835213689411063 0.3994994443955451 -0.1067834445665695 0.04137951596262833 0.04330084912812791 -0.09108021424169656 0.9940408274800204
1341840854.842383 0.19962417467361115 0.3994422061503389 -0.10680031724111803 0.04103227724880399 0.04326109133644439 -0.09115652562124288 0.9940499575156251
1341840854.874351 0.1987979819700145 0.3980392294066102 -0.10682600617645811 0.04065382604054322 0.04346198964678783 -0.09153051822928611 0.994022377070497
1341840854.906375 0.19267882301036618 0.39482391656846194 -0.1094215872205967 0.0416058269391581 0.04415168126410058 -0.0896098801839812 0.9941275841559121
1341840854.942414 0.19967750901302309 0.41596200274178313 -0.11654913365384066 0.048205004754017414 0.041933232572139545 -0.08843641618108675 0.9940306241840625
1341840854.974632 0.20601469800308192 0.42109587361248846 -0.11544958259119785 0.048911319731924016 0.04064992717281215 -0.08618360409553115 0.9942472794069023
1341840855.006485 0.21201227243868895 0.4058783443647584 -0.1150328131356765 0.0444569097370202 0.039696283261900334 -0.08712329601687734 0.9944130527919354
1341840855.042409 0.1999329517117949 0.4137264532166052 -0.12037745510245729 0.04745181565082272 0.0427696191004406 -0.08849339761745034 0.994026158333652
1341840855.074380 0.20375027417671202 0.4414397347984197 -0.12084712417132616 0.05430449463657214 0.04248436938732599 -0.089334537011198 0.9936123191250288
