1341839845.462023 0.0 0.0 0.0 0.0 0.0 0.0 1.0
1341839845.497851 -0.011765889498164463 -0.0055330769989319056 0.001176400337558943 9.732085420298784e-05 -3.0410543224644156e-06 -0.0015475318398971557 0.9999987978315813
1341839845.529877 -0.009819824422746032 0.016723325899816247 -0.012153726581021911 0.0025260450134075973 -0.003321128941814216 -0.0031840138852586093 0.9999862255324924
1341839845.562013 -0.013982198409617745 0.017134807209603135 -0.009881418277806185 0.000974974475895425 -0.004298478985480268 -0.004553824064451757 0.999979917393131
1341839845.598549 -0.012724722353024295 0.0012558109088644277 -0.004283422688473416 -0.0016281446430554756 -0.0047945424813936755 -0.005481291165988232 0.9999721580896987
1341839845.629819 -0.012566086290838299 0.0072335428185011244 -0.006660679146572999 -0.0006700313256840971 -0.0048756641804902565 -0.006925882562531474 0.999963904902348
1341839845.665955 -0.02441480484942215 0.012539577741426024 -0.007074819447689014 -0.0008316397006068029 -0.00485228468374805 -0.009314617023063415 0.9999444992690695
1341839845.698027 -0.0339457852849609 0.012391163441547007 -0.005844171892649833 -0.002103471101185294 -0.005703948308917485 -0.011927975405920999 0.9999103778768035
1341839845.730035 -0.031477943964139186 0.010191734686611355 -0.004333790666582083 -0.00300568160340325 -0.006385672958030168 -0.012931580027959608 0.9998914757597211
1341839845.766091 -0.037841303917614644 0.007796105843259859 -0.003251328139856407 -0.00325989831064501 -0.006178978329593291 -0.013947733163646248 0.999878319611643
1341839845.798274 -0.04347606366952224 0.014835916860768123 -0.005136391240040323 -0.0030863512029494448 -0.006616227946100276 -0.015293691099112699 0.9998563911765442
1341839845.833868 -0.047822475343816326 0.015180869171282162 -0.0036665487246775384 -0.004027797330523515 -0.007341405205275968 -0.016935361396606754 0.9998215211489712
1341839845.865884 -0.052157329093576586 0.004943206526836613 0.0002346468017375143 -0.0052585559596941564 -0.007537563763864293 -0.018117938211434762 0.9997936152210072
1341839845.897882 -0.05161752721591853 0.011964030832162322 -0.0027858046000478307 -0.004619590797371987 -0.007595613321355134 -0.018069809841928155 0.9997972034424852
1341839845.933769 -0.05632859378021309 0.01601410856048157 -0.002465789859204056 -0.005369649885072948 -0.007842760938195279 -0.018746870047099917 0.9997790820098286
1341839845.966008 -0.06076586742644145 -0.006039824100384096 0.01389753381296767 -0.008441543395343863 -0.008052990750374212 -0.019832866058703782 0.999735238505164
1341839845.997926 -0.0528989125240577 -0.0038136686714909107 0.01184972583338778 -0.007898899551190674 -0.008247385586746005 -0.019592054088736148 0.9997428366502298
1341839846.033941 -0.04915014422973638 0.004161521008308621 0.010331593903096879 -0.007543304597051582 -0.008052112300164374 -0.020190265838457424 0.9997352725640095
1341839846.065923 -0.07018983823904756 -0.005341508529968593 0.017656203730730628 -0.00945072703411792 -0.0046662991056554025 -0.020631053043439918 0.9997315985110716
1341839846.101945 -0.07020340724211657 -0.005276926919787277 0.017247885487918498 -0.009527324813185252 -0.00517247663184945 -0.020940417625603443 0.9997219485822358
1341839846.133881 -0.0641201064116106 -0.005003747795709664 0.017284508719936142 -0.009570324762871976 -0.005637317946289519 -0.021649068018470306 0.9997039298633559
1341839846.165870 -0.05439492989604337 -0.005013766863013603 0.01770892427306977 -0.00950063000928974 -0.0053331547907060645 -0.022881978102325923 0.9996788037002335
1341839846.201921 -0.05082591328474616 7.251169976504011e-06 0.015823339365982597 -0.009435107159322753 -0.004151563319457098 -0.023613091465439568 0.9996680274902974
1341839846.233820 -0.06050987932194408 -0.0021281852494635864 0.017715806708481652 -0.009998962539050702 -0.003361974935680139 -0.025000730820169882 0.9996317728699564
1341839846.266171 -0.05854549628079989 -0.003978081389548133 0.018828785954032118 -0.010058021132956535 -0.0034336549365622344 -0.024967732459803556 0.9996317614804371
1341839846.302140 -0.054621854413451416 0.00047257371930203157 0.017679545049572885 -0.00963276190881299 -0.003305959899585789 -0.023471767386336346 0.9996726247441771
1341839846.333843 -0.06256831430749447 -0.001539583790869663 0.019450229752616083 -0.010062524978962569 -0.0036297990694625576 -0.02535461370347274 0.9996212851443846
1341839846.369840 -0.060583853257276755 0.0007834496769020924 0.019205065251580163 -0.010131908457260199 -0.0042541349012842995 -0.027001932564343193 0.9995749808818978
1341839846.402011 -0.04799313236522576 0.006029537651712087 0.018858072483699514 -0.010379529257453815 -0.004324157139978851 -0.027784299509054682 0.9995506989333826
1341839846.433900 -0.06462893989936616 -0.007129861625132867 0.02900744662308436 -0.012426214356980212 -0.00014673426841623461 -0.028239499986780835 0.9995239358346082
1341839846.469927 -0.07339619871339717 -0.008498109356435583 0.029124728293145653 -0.012075754415855185 0.0004639224387892892 -0.028174510646388432 0.9995299684757308
1341839846.501920 -0.0816513498518821 -0.0012191013533135592 0.027110163048771105 -0.011520593208363909 -0.0001577044356678101 -0.027127542495115647 0.9995655793891736
1341839846.535053 -0.06890603105957259 -0.010906301991768933 0.03690694616262802 -0.012856695637291408 -0.004561565868568174 -0.027593822309684057 0.9995261269543976
1341839846.569928 -0.05837443235877697 -0.014690534406001791 0.03774524308876138 -0.013017657259409876 -0.004968853734283361 -0.026389534868506443 0.9995546225902155
1341839846.602754 -0.05689731682670936 -0.01246335802836214 0.03695602202817591 -0.012794706401673156 -0.004447321568243504 -0.025382574741252203 0.9995860351757964
1341839846.637836 -0.06257178481927707 -0.021034097288517514 0.04040569230412333 -0.013785632229192327 -0.004532324589915621 -0.02654509302586774 0.9995422814539169
1341839846.669984 -0.055480805550141295 -0.02292938711357263 0.04048821359412005 -0.013657852467474823 -0.004717415524425564 -0.027073500350919988 0.9995290064002624
1341839846.701829 -0.048315930447447385 -0.018893138535352648 0.0397246833573437 -0.0136048936100733 -0.0041154531954245436 -0.02657379564127734 0.9995457985005345
1341839846.737910 -0.07592724054689642 -0.02992014969593832 0.049125825408393324 -0.015591600811106792 -0.0003327923950020533 -0.026300700182810638 0.9995324228874536
1341839846.769925 -0.08418913277103587 -0.034863648783434245 0.05167996522876451 -0.015958857249253628 -0.0013541314904521068 -0.026679428591438136 0.9995157273866376
1341839846.805852 -0.0719710622814432 -0.03733836536353336 0.053042539251872946 -0.01596336044466737 -0.002492717010928195 -0.025477342106725327 0.9995448276712728
1341839846.837837 -0.066783420646654 -0.04370936366089443 0.056005179167823216 -0.015944167824581683 -0.0019900936932060838 -0.02550129871219425 0.9995456501848556
1341839846.869888 -0.069406120160266 -0.04435886899598448 0.0562627205720994 -0.015647752349213163 -0.001419465698301983 -0.02696909858986384 0.9995127816515404
1341839846.906029 -0.06779483170993549 -0.047309569793039186 0.05781701333629251 -0.016280286841566738 -0.0015228569096132354 -0.028184546248349415 0.999468991274849
1341839846.938034 -0.06774718234911377 -0.07212081035458458 0.07637094900125727 -0.018342349044451884 -0.0007819182005955186 -0.0291276431276601 0.9994070878482337
1341839846.969926 -0.07375861962382461 -0.07635845846291393 0.07676708577120477 -0.0173276010244372 0.00044157338061332374 -0.02743668373889932 0.9994732550904497
1341839847.006052 -0.08182471653836937 -0.0790577436896973 0.07756377863863932 -0.016964640336592614 -2.696876952390553e-05 -0.02681659502847018 0.9994964084387772
1341839847.037860 -0.06987921110769162 -0.10395964045941206 0.0954754564499094 -0.018760031524801914 -0.0012482280517058905 -0.02655808110723637 0.9994704455219382
1341839847.073971 -0.053576650130934406 -0.10726010858988207 0.09559187539708433 -0.01771010859351994 -0.0001624100801452577 -0.0244621490919292 0.999543860437538
1341839847.105943 -0.06165386164438244 -0.1051971261418986 0.09555251682082601 -0.0169036125596574 0.001379074643083535 -0.023274469558834467 0.9995852465409427
1341839847.137970 -0.06797081211699119 -0.13023333337151796 0.11355935419106775 -0.019702490961140396 0.0010964941511420767 -0.023519725673181675 0.9995286049207203
1341839847.173932 -0.050630761098161114 -0.13250202104858633 0.11385918141618796 -0.01935718240858025 0.0006061918780588611 -0.022581546759657834 0.9995574049380803
1341839847.206020 -0.04242260761802203 -0.13366110932539405 0.11532540772032172 -0.01924491179809499 0.001451568912530913 -0.022728915525080006 0.9995553625070648
1341839847.238111 -0.05455723698118471 -0.1544570413012491 0.13244408783771805 -0.020950838746565854 0.0036603385059006377 -0.024046055365488744 0.9994845929273736
1341839847.273912 -0.06197792399370845 -0.1545364838997779 0.1318975379330893 -0.020736395830969877 0.003916705871259369 -0.023832385259728382 0.9994932109403702
1341839847.305944 -0.07008192787764311 -0.1587330449378093 0.13470235937344735 -0.02138374215011461 0.002827892587342545 -0.02361691553240319 0.9994883590597275
1341839847.341841 -0.06474696885044173 -0.19178027251684904 0.15627250209602767 -0.024065769258757676 0.0015540065054416236 -0.02323201783846584 0.9994391913272757
1341839847.373878 -0.05104523516285084 -0.19428168142547747 0.15432411266624055 -0.022601658263264726 0.0015577860467205023 -0.0220760951962502 0.999499566967024
1341839847.405870 -0.05413220315894774 -0.1923165535758258 0.15391184906007851 -0.02165599308317588 0.0020934070699636237 -0.022791927533051475 0.9995034585481677
1341839847.441942 -0.06099823773876027 -0.21849505146920165 0.1720285992718051 -0.024537110321057858 0.0027073483600558376 -0.023196437749878288 0.9994260981971931
1341839847.473884 -0.06191922879664164 -0.21813945978389812 0.17102757280146733 -0.02409186254374533 0.0029313284659923584 -0.02105380825646189 0.9994837300479171
1341839847.505964 -0.07755699183014371 -0.2203558619604666 0.17321438922851473 -0.024190111918853206 0.0027569184623622853 -0.019120598625106105 0.9995207054354414
1341839847.541985 -0.07172726136023336 -0.23817304437221634 0.18633349849425052 -0.025391182227625018 -0.0017166323638491525 -0.018751221148126045 0.9995002414926494
1341839847.573837 -0.05354671183422889 -0.23916399872455446 0.18549866295634712 -0.024632042425286986 -0.0037216439200080825 -0.01812106399318151 0.999525406826783
1341839847.609996 -0.05124720732402317 -0.2491618680571823 0.19310137083196544 -0.02465318660447602 -0.0008509254185891001 -0.018585192992282232 0.999522929660754
1341839847.642100 -0.05742293152401811 -0.2572624546645888 0.19667401034709278 -0.024076995968737663 0.0025286494644424697 -0.019254195656593403 0.9995214755805023
1341839847.674027 -0.05406946161990143 -0.26062006160843204 0.19670672793317248 -0.02339919531991217 0.003266575216138799 -0.01977485743262535 0.9995252683940796
1341839847.710094 -0.0486455012406789 -0.2653889448312442 0.1985371781437519 -0.02306446855741173 0.003706856286274572 -0.021117767088281784 0.9995040417226144
1341839847.741882 -0.04437575680934935 -0.26034855945196617 0.19725207129752462 -0.022957334466699526 0.004314087516788849 -0.022330596067777063 0.9994777105680441
1341839847.773869 -0.04536107990453115 -0.26261967748932447 0.19990621190569602 -0.024403384678125823 0.004743069638431049 -0.024121973987288204 0.9993998741632965
1341839847.809897 -0.048051537380583945 -0.28095058847695503 0.21596807810174976 -0.02766904763933526 0.005066750143530042 -0.026600373537221254 0.9992503049653753
1341839847.841880 -0.04621255205818718 -0.2812131509234518 0.21690607143602014 -0.028319629459990156 0.005220390047812745 -0.027848266979998957 0.999197287897244
1341839847.878289 -0.05320416683145893 -0.29167905849283376 0.22673410191886695 -0.030337019769506843 0.008077095215091278 -0.028714423043465057 0.9990945439114718
1341839847.909840 -0.07240039885892453 -0.30021227743456186 0.23427964490422118 -0.0318912265752984 0.011650999313100869 -0.028578724802040024 0.9990147448217259
1341839847.941861 -0.07882642827635504 -0.3012840763773897 0.23592220766456218 -0.032775885096457846 0.011315992167935541 -0.02797301621215943 0.9990071071025437
1341839847.977961 -0.06722875806766782 -0.32422161800969596 0.2543013553851302 -0.03572569500960752 0.009837244545953881 -0.02775474412161762 0.9989277138584988
1341839848.009877 -0.06094474683411925 -0.3257925689934435 0.25491576248668996 -0.035442987380303284 0.010305602959640187 -0.02732375653577411 0.998944944189604
1341839848.045768 -0.0649913974687877 -0.3267076682583429 0.25673564101783836 -0.03592924514083219 0.010950514564523587 -0.026604184606406022 0.9989401348107952
1341839848.077904 -0.07145704759698586 -0.3485192753153502 0.27484011781065576 -0.03882728056379056 0.010629625187450805 -0.026323434566607712 0.9988425952796627
1341839848.109911 -0.08040885769791796 -0.3471515247226301 0.27528810489177147 -0.038672071989315104 0.010092996944846399 -0.02473664793441009 0.9988947394544099
1341839848.145877 -0.07221293005503242 -0.35315663649838963 0.28400642656422637 -0.040134089062633174 0.005708603119442199 -0.024318459407154533 0.9988820146932266
1341839848.177941 -0.05388371236892502 -0.38547696150262384 0.3102289856309107 -0.04287003514403528 0.002432786399451785 -0.024297731881918774 0.99878218939991
1341839848.210005 -0.03715436230281613 -0.39281472335722073 0.311462671616624 -0.041193815197901426 0.002541388620181948 -0.024991234558231417 0.9988353463552326
1341839848.245924 -0.0509245770170977 -0.3768467778372527 0.30230957493701266 -0.03829752446271554 0.006568701388402241 -0.02463292146646292 0.9989411248727946
1341839848.278057 -0.06454192804019815 -0.4017627214054374 0.3219211351450703 -0.0417539149699634 0.006534402383874534 -0.026352388606078855 0.998758961804559
1341839848.313996 -0.05149931967546324 -0.42903172020858776 0.33973571950036124 -0.043988227407079465 0.005266338611211704 -0.02614713957374037 0.9986759377392281
1341839848.345902 -0.047711225737430904 -0.41006452863854786 0.3245321976331026 -0.04059912109667038 0.005615913126851853 -0.024558350216739824 0.9988578779388794
1341839848.378083 -0.06526682467562704 -0.41767556376718634 0.3310002275435247 -0.042444628449698096 0.006874395833769658 -0.023918015048085516 0.9987888289092179
1341839848.413902 -0.06744999092126149 -0.4530475925226514 0.35302477517765524 -0.04637138898088526 0.0055887096349624445 -0.02174296178794768 0.9986719702791736
1341839848.446051 -0.0308495254161266 -0.46790468051149264 0.36123512011885417 -0.045048039301774555 0.000896491021245938 -0.02184324342849897 0.9987455848089829
1341839848.477990 -0.0007991037675396315 -0.460830498954964 0.35718007030886767 -0.04229110572498359 0.0006466054919669892 -0.024140028675970055 0.9988134476935213
1341839848.514027 -0.006438034966317061 -0.46112451851963204 0.3593452960767409 -0.04295192868051822 0.006340534906783232 -0.026604057160895807 0.9987027353433547
1341839848.545899 -0.023069604178930097 -0.48756007919800076 0.38116110029556166 -0.045917770399883026 0.01277293792529774 -0.02746250598626858 0.998485964439768
1341839848.581848 -0.03029792097157073 -0.4948418194020876 0.38293852219767827 -0.045441610407121684 0.014078340060928802 -0.027207593858461037 0.9984971743681446
1341839848.614329 -0.026532977545283526 -0.47901449675037905 0.3763607913530613 -0.043161761646956086 0.010700435487201896 -0.028160146294696358 0.9986138238441207
1341839848.646056 -0.014015811196895413 -0.5020704945505073 0.39612177431894374 -0.04716115334251747 0.008370644233196717 -0.0301161274304597 0.9983981053663497
1341839848.681939 0.012707502542448079 -0.5285010767336284 0.41425135486089687 -0.049716394054942256 0.008227689900092346 -0.03295542916286419 0.9981856164911276
1341839848.713946 0.010587443776022087 -0.5222317858192476 0.40946359123539067 -0.047575578783113824 0.013554045126286033 -0.03473226988596821 0.998171589253438
1341839848.745899 -0.01452623152703725 -0.5251133647483263 0.4144465901882213 -0.048043194042251075 0.017558901931847667 -0.03732257892660344 0.9979932672976473
1341839848.782038 -0.04052871101028175 -0.5349218075611486 0.4209403649846455 -0.049837499920771536 0.01842781823568318 -0.0375771076282271 0.9978800529617855
1341839848.813915 -0.04368154736915118 -0.5417488775208441 0.42903733619303885 -0.0506522230173498 0.014216299289403263 -0.03603437889091216 0.9979648153496498
1341839848.850000 -0.031626208069380164 -0.5457299929740242 0.43663863797906377 -0.05119936072935793 0.007340503288775365 -0.036515918990216466 0.9979936523508915
1341839848.881968 -0.009962152845392081 -0.5449109712011221 0.44088488255802355 -0.05206814065372938 0.002265779542926439 -0.03814313434628565 0.9979122588054358
1341839848.914184 -0.007984207099270996 -0.5453231461234299 0.4439751529057155 -0.05378373105891063 0.002306607511100559 -0.03869276438518593 0.9978000099315515
1341839848.949897 -0.023215786937490563 -0.5643058767538174 0.46208836804497544 -0.05744227946719414 0.0027195415513045994 -0.03988456938979729 0.9975480989646329
1341839848.981903 -0.023318431123661096 -0.574109306791762 0.47262594746784553 -0.058461709687359156 -0.0006249278976271992 -0.04085979935707892 0.9974529135563504
1341839849.018057 -0.020387703536313542 -0.5692627901638027 0.4723220580368355 -0.05849828044290893 -0.0023605037362860555 -0.0410328929791292 0.9974410663799121
1341839849.050047 -0.009067577519675386 -0.5764172290323111 0.4844699792615969 -0.06052313793553441 -0.0048861937818051185 -0.04078120828220001 0.9973213965095735
1341839849.082045 -0.007693894017677374 -0.5969902080379382 0.5026397045766843 -0.06359930518977593 -0.004993873696194883 -0.04148119262108685 0.9971005467171382
1341839849.118139 -0.006295913686221772 -0.5956128567763955 0.502861809420567 -0.06343031496687863 -0.004513981751602904 -0.04058790486335935 0.9971503603222289
1341839849.149926 -0.014644885359111506 -0.5909298087180336 0.5033545117097133 -0.06399270100337083 -0.004333838691330824 -0.0394584510099332 0.9971605601428422
1341839849.181857 -0.01745145467632276 -0.6044169886892995 0.519917903369852 -0.06726939405284964 -0.0061045935045510305 -0.04054248018285591 0.9968921054269256
1341839849.217924 -1.7969731933853428e-05 -0.6091806764974831 0.52771385163675 -0.06881150979044051 -0.008991099250904628 -0.03936067435872636 0.9968123562479779
1341839849.249844 0.0030374657941204 -0.6249421002474168 0.5440142234974037 -0.07133167436867609 -0.00811312748460078 -0.03663824566129222 0.996746511581075
1341839849.285792 -0.008973711972474478 -0.6477818279881608 0.5631584487933444 -0.07325679772672058 -0.0070071891607483665 -0.03453837106589694 0.9966902436619942
1341839849.317899 -0.0025786521915996475 -0.6497286901533557 0.5641798351263709 -0.07213579196754868 -0.008656385160006426 -0.03439246644477997 0.9967640908284265
1341839849.349911 0.023388280994028652 -0.6466940973763612 0.564898507777522 -0.07129717326170595 -0.009736780989920953 -0.0334767778020804 0.9968456317448723
1341839849.385901 0.020140891655684418 -0.6590151873422938 0.5776995903841379 -0.07298644858511498 -0.004573981002706153 -0.03218376054651658 0.9968030209513826
1341839849.417927 -0.008049787308368903 -0.6707956756454378 0.5860601063609638 -0.07441370430251217 0.0001446639318965198 -0.0314186374116485 0.9967323858024879
1341839849.450043 -0.0005154389610722045 -0.6867838600790301 0.5986854555514121 -0.07506452563293753 -0.003121255544921756 -0.03165865301959279 0.9966711114727413
1341839849.485994 0.03347059226736476 -0.7145349763674534 0.6184535858375325 -0.07565911753905928 -0.003280871500753415 -0.028331006223454504 0.9967257837047119
1341839849.517976 0.02090323687957458 -0.7150688057105186 0.6136032692710977 -0.07263970917917151 0.0030802326793901956 -0.02355002412439626 0.9970754139887039
1341839849.554305 -0.008263297629771474 -0.7242429920474007 0.6195175247635263 -0.07061526143082289 0.004615444532173242 -0.02321851668562763 0.9972226847639123
1341839849.585964 0.009198831199913264 -0.750898902737724 0.6351536531107015 -0.06986000901873711 -0.0005043716431306192 -0.02196662892591963 0.9973147908071841
1341839849.618027 0.043997386576888016 -0.7481108236596686 0.6271079641238595 -0.06523924506206266 -0.004001508235253586 -0.018809895826360584 0.9976843271569296
1341839849.653990 0.05095933073342245 -0.7576692141674197 0.629536513268313 -0.06364224184289743 -0.0024798767951701743 -0.01718873103091111 0.9978216588097476
1341839849.686025 0.032531168847400344 -0.7827711834854346 0.6428023131529943 -0.06381242297597033 0.0016981216484408172 -0.016106175103764817 0.9978304876983508
1341839849.718004 0.03393585840673125 -0.7964456562730937 0.6477569922831353 -0.06083641804602706 0.0025728178401010627 -0.012990076594125185 0.9980599023895149
1341839849.753965 0.03826826639697698 -0.8066399346995091 0.6484224950979856 -0.058415256365963425 0.0035392845303164316 -0.007972807565062398 0.9982542590083157
1341839849.786542 0.03633655742546929 -0.8156885388276086 0.6500839321761042 -0.05693873926864788 0.0036175831244467534 -0.004826117439867805 0.9983594551329145
1341839849.822760 0.04675347792609032 -0.8238872224641888 0.6568843901309075 -0.054809450457387596 0.0021614017206814614 -0.0027413510832946437 0.9984907297904162
1341839849.853815 0.05141111273753405 -0.8285328055460157 0.6571783656743047 -0.053231639261710706 0.002407727871641753 -0.000580636915175819 0.9985791196939673
1341839849.885920 0.047105403236751386 -0.8343424570590177 0.6588671473531039 -0.05327315796167041 0.0023829617517936315 -7.14786284285189e-05 0.9985771312346806
1341839849.921991 0.0419268713713359 -0.8582467246966524 0.6774998950504632 -0.055073874059859 0.0025186878492011 0.0018389278707109946 0.9984774123393289
1341839849.953839 0.04128442137813354 -0.8652964038246995 0.6799362773178593 -0.05403811011307732 0.0018693907354610606 0.003953212072647264 0.9985292985926814
1341839849.985986 0.05229216892681366 -0.8725693842878648 0.6833116615954862 -0.053379543927853275 0.00043109151556988635 0.004644032655744815 0.9985634038011059
1341839850.022022 0.06627029109155358 -0.8780008961352944 0.6859531377619638 -0.05257566570406013 0.001200725965527419 0.005703769351797799 0.9985999322291739
1341839850.053889 0.06824372554979045 -0.8723193347961422 0.6839585868268707 -0.0519099987941248 0.0026294803494154367 0.005817496581452634 0.9986313607091505
1341839850.089916 0.06458119817082932 -0.8912928438370767 0.7018647845778908 -0.0548821874706901 0.0034330228748770926 0.004598944839172521 0.9984763440155893
1341839850.122696 0.05284017504289206 -0.9038883411733497 0.7119453118891346 -0.05591701551615638 0.007219220015384856 0.006739495287457831 0.9983865731475982
1341839850.153891 0.043713064643347684 -0.8900181912497974 0.7084860352439745 -0.05444629142537943 0.007050030233503051 0.007893487368786086 0.9984606107808593
1341839850.189806 0.04917450248890844 -0.9092921669023 0.7297514799696824 -0.057852990551816225 0.004372435805001173 0.006564821130355829 0.9982939529080938
1341839850.221923 0.0744976803729592 -0.9333947555470385 0.7474361812977622 -0.06039099497253688 0.0043297574379084205 0.0077215363334646354 0.998135541298578
1341839850.257926 0.06438607690352384 -0.9187858198351229 0.737104755091956 -0.05811745010359378 0.008667804874599486 0.008339742051859472 0.9982372863475993
1341839850.289928 0.04653880227057412 -0.9360108689702449 0.7544587236508948 -0.060997240767926314 0.009167430925332674 0.005878957717775932 0.998078520300422
1341839850.322006 0.05363705613263621 -0.955371870446745 0.7701887961821859 -0.06327452210171726 0.008265356458979035 0.00662466209458079 0.9979399443791875
1341839850.358083 0.058915425326503054 -0.9545470002818472 0.7697472667960676 -0.0629661465143099 0.007936923329048502 0.007204321987299468 0.9979580990131343
1341839850.389942 0.055908532716966226 -0.9769455289199245 0.7885706765034156 -0.065365700733523 0.007502704669164803 0.005383184297413679 0.9978186488120377
1341839850.422122 0.06096870365262731 -0.9815951725864511 0.7900886665002012 -0.06441470969837376 0.007475494383863337 0.004973977826383158 0.9978828196250158
1341839850.458155 0.06141399588525598 -0.9749063657752525 0.7882014166007416 -0.06318938180986362 0.007347794515244695 0.004616198968527188 0.9979638283271244
1341839850.490219 0.05791242173360231 -1.000663812170401 0.8099982575174386 -0.06610440307293586 0.007350917293110599 0.003409899340885931 0.9977798076208017
1341839850.525914 0.06020184218256505 -1.0071709132491617 0.8119336690476789 -0.06487909302061313 0.007470754937215002 0.004582694736122153 0.9978546437324649
1341839850.558165 0.060460120082547655 -0.9987994695990168 0.8096708681740328 -0.06275227732787755 0.0065262483766000716 0.003920956091124527 0.9980000931240546
1341839850.590065 0.055828570960749176 -1.024568196117921 0.830874718721565 -0.06567769320198917 0.005779971748771048 0.0022487085771069346 0.9978216152459228
1341839850.658023 0.06885067859433774 -1.0336745230335964 0.8381101248076687 -0.06219288217581898 0.003907883823515999 0.002316976835695531 0.998053808904624
1341839850.689870 0.0848064976601553 -1.0568499076298317 0.8558288162273047 -0.06304930582005316 0.0025273550013213512 -0.0016628204372858132 0.9980058279090852
1341839850.726039 0.09911123861392024 -1.0638921840503086 0.8563782407271533 -0.06175306286265042 0.0038377148987826445 -0.003989910313781998 0.9980761052079766
1341839850.758642 0.06848246135763125 -1.0519898020674647 0.8472178012221466 -0.05989725572186789 0.009127257373340697 -0.00385575950631871 0.9981553711965176
1341839850.794077 0.032084872987001065 -1.0811302580786264 0.8696974192567998 -0.06326173354702211 0.008362470684629118 -0.004106929075734883 0.9979534835282853
1341839850.826012 0.052456562300691095 -1.1111009839374466 0.8881901035983669 -0.06413619756139502 -0.00013520110983316356 -0.002915811356305133 0.9979368857433613
1341839850.857996 0.11097618218156696 -1.1030273377466402 0.8796631188492041 -0.0593303166560113 -0.007843932547438304 -0.003446300879965203 0.9982016375752606
1341839850.897049 0.1261825899055359 -1.115858115255607 0.8891189396378533 -0.058221900111350616 -0.0034876440733074116 -0.005546879315884169 0.9982821639276621
1341839850.958076 0.0639287568808865 -1.1285589460724286 0.8941011893409194 -0.05498423155897917 0.009159209592508486 -0.006931990112710531 0.9984211489509749
1341839850.994159 0.038934029620958543 -1.1364038783069794 0.8981388264329557 -0.05436595610336501 0.008121480368301837 -0.004402642268704968 0.9984783428370626
1341839851.025938 0.06499631188465751 -1.1506608713491904 0.9100244773498173 -0.05385604113444048 -0.0002320230467961806 -0.003306386738520203 0.998543209283086
1341839851.061884 0.10640523173956326 -1.1658943271287967 0.9198853491276606 -0.05263366095654949 -0.0056105158270456975 -0.0037271112387641412 0.9985911718457549
1341839851.093981 0.13000806472405152 -1.1704549421287993 0.9199403194241931 -0.05080179524952403 -0.004439231954775976 -0.0047901951095679135 0.9986874009668331
1341839851.125983 0.12722307790130272 -1.1843860328781204 0.9302657995505709 -0.05002666162319818 0.001029983855974498 -0.006315525064324078 0.9987273834251542
1341839851.162029 0.11275824100190648 -1.195596800783258 0.9360469042581383 -0.048740632000109904 0.00568208682469985 -0.0074489622714173235 0.998767529329335
1341839851.201363 0.10213016898463625 -1.1915296497436332 0.9335143103052249 -0.04684449463716482 0.006980462210446355 -0.007231208583455555 0.9988516286676107
1341839851.261859 0.1223816157599985 -1.2021018563248778 0.9489862199137519 -0.04682948882214531 0.002233463614277822 -0.007197523397903307 0.9988744697277409
1341839851.301178 0.12728985565506604 -1.1899451803365781 0.9498851663998327 -0.0476015333470491 0.0026259165776985785 -0.007679009053947421 0.9988334352659028
1341839851.333106 0.13160534086151535 -1.2210503130773998 0.9689677093766197 -0.05340075069095723 0.0027574239672959245 -0.007786218945611726 0.998538998353713
1341839851.364936 0.1310653403636601 -1.2211752309701236 0.973970360349709 -0.048009421845116924 0.003391009280492164 -0.006685379420306963 0.9988187534143332
1341839851.400800 0.1289067082278778 -1.202412089759886 0.9722142518047845 -0.046355230055262014 0.0026322345785956026 -0.005653721856483311 0.9989055507988807
1341839851.432978 0.13405197369332514 -1.235690772777908 0.9878725958337751 -0.05569848790896933 0.0011757639437143625 -0.006881733896039888 0.9984232257727107
1341839851.468951 0.13781490796310286 -1.2456479570526306 0.9948967931766299 -0.052391773163965816 0.0030719497046324973 -0.007873616255690021 0.9985908428364463
1341839851.500846 0.14077710640128568 -1.2291243335438444 0.9923492472381069 -0.04967234673044179 0.004217951618110809 -0.007481888528143101 0.9987286359159272
1341839851.532849 0.14124955759327956 -1.2607448673687827 1.0079701554255034 -0.05803086534628951 0.0032399930493410803 -0.009035018192625987 0.9982686459858678
1341839851.568942 0.13944032118405564 -1.2634076497224924 1.0131667943468665 -0.05452299924302705 0.003058996114359306 -0.00913742178388326 0.998466019762044
1341839851.601011 0.1370515086080203 -1.2532002703716896 1.0126220701738695 -0.0538468230290701 0.00278670005405003 -0.00842689097610117 0.9985097603233329
1341839851.636933 0.14222479741005528 -1.2839981247825223 1.0286371354927253 -0.05969311449647637 9.156087800252462e-05 -0.009568856627244464 0.9981709075509874
1341839851.668994 0.14003932054586768 -1.284391412284681 1.0337084720474432 -0.05468174536637119 -0.0001932579506064768 -0.007960796801519147 0.9984720802753252
1341839851.700879 0.13940427379461215 -1.27737807060253 1.0339817102792064 -0.05352985986550694 -0.0006160560463175358 -0.007445794107763056 0.998538299079124
1341839851.736883 0.13956118388812896 -1.2930880615226206 1.039975544205358 -0.056492203431319936 -0.002017713904785085 -0.008427576931589404 0.9983654319582251
1341839851.768951 0.1410981174067457 -1.2920645821531407 1.043350640008745 -0.05336118885549707 -0.0026850096263796425 -0.0072537613376857735 0.998545320550694
1341839851.804954 0.143784244335768 -1.2934473733954428 1.0453889747245981 -0.05369516831576571 -0.002741286139665408 -0.0075645259329007114 0.9985249582245055
1341839851.837032 0.147707569615177 -1.3093298074915096 1.0496046981646945 -0.054246386221351035 -0.002345206390125602 -0.009901087204893935 0.9984757373422105
1341839851.868921 0.15101167641948038 -1.2991580403944212 1.0505651475902398 -0.05025326437947792 1.538059743345764e-05 -0.009835478724876563 0.9986880756977596
1341839851.904888 0.14455697935792491 -1.304209850370256 1.05365437321154 -0.05244357175207725 0.00031941567683441347 -0.00971697565303469 0.9985765619819376
1341839851.936873 0.14703212075478156 -1.328261146147738 1.0665064098395265 -0.05278751946277361 -0.004350682847641484 -0.00828569609906213 0.9985619142486252
1341839851.972969 0.15731761630784014 -1.3216924021193721 1.068098778918444 -0.04782244108118438 -0.004344241770119223 -0.006953766043487237 0.9988221998084993
1341839852.004880 0.1559726308384978 -1.3272863424591408 1.0736225619267654 -0.0503221967200936 -0.0005330255786451379 -0.009091770356794303 0.9986915099833251
1341839852.036887 0.15530812438151448 -1.3470112680233755 1.0783710357318408 -0.05203627844475663 0.0002743151305322152 -0.008694014939035061 0.9986073125012989
1341839852.072836 0.15700319638969384 -1.350310525907598 1.0820713729996692 -0.04830167334212011 0.0008332560521357983 -0.0051465947316676015 0.998819186138997
1341839852.104917 0.15828330255480155 -1.3557937524837727 1.0845568304858781 -0.04710158756271443 0.0010393009184483139 -0.006243998056685967 0.9988700479997079
1341839852.140937 0.15662181714487022 -1.3619425743236657 1.0873016113904017 -0.047419941576304886 0.0011502752734619775 -0.006810224981641007 0.9988511635090546
1341839852.172894 0.15445685287369912 -1.375125954634101 1.091044410563784 -0.04865464596735195 0.0008723660000507539 -0.005276574501610601 0.9988013426927702
1341839852.234030 0.1566803893138 -1.399998720249462 1.112111484833934 -0.04615072467212276 -0.001321293167804973 -0.005230161426810152 0.9989199218195871
1341839852.265924 0.172650912519387 -1.3950495027641951 1.1099919645960703 -0.04472217052755465 -0.0007571884419743202 -0.004109214063332961 0.9989907249262864
1341839852.301932 0.16049201448891268 -1.4050741827866855 1.1166524606924464 -0.04577855980896576 0.0009461689737240028 -0.006493886538706702 0.9989300564422469
1341839852.334063 0.13557033615248373 -1.4357532181808774 1.1343355715050565 -0.047557077323090814 0.000529184923221166 -0.004739029125378374 0.9988571399167897
1341839852.365960 0.16676619698907047 -1.4270803226086202 1.126615930319418 -0.044028185984788124 -0.005553750245975638 -0.0036062042458543265 0.9990083433025118
1341839852.402082 0.18819151668564782 -1.451338754784939 1.1449201961492745 -0.04535687008089414 -0.005880481359264177 -0.0036864508618315284 0.9989467374967944
1341839852.433897 0.18053045322403774 -1.4624676785016264 1.1484932543844497 -0.044552092953116205 -0.002036224861831914 -0.004309431852352007 0.9989956924826638
1341839852.469906 0.16306180058743674 -1.447286999332641 1.1382411208123182 -0.04126819583577103 0.0014604364999641951 -0.005079745926364766 0.999134124789566
1341839852.501863 0.1574498048873824 -1.475793472842257 1.1588648901438152 -0.04454437797471229 0.0018763040855037196 -0.004474580873823215 0.9989956236139509
1341839852.533949 0.15160666680023657 -1.4873343140876576 1.1631456780883047 -0.04329201525203319 0.0022904841663869704 -0.0020228524378800316 0.9990577877008486
1341839852.569896 0.15583805953094512 -1.4879924343558126 1.1621073823935901 -0.04157867809023742 0.001038403547609486 -0.001494747551019393 0.9991335751420315
1341839852.601883 0.15535167671132888 -1.495581249679365 1.1652814200358883 -0.04131693116237757 0.0009557556676678494 -0.0011823386233408295 0.9991449343342561
1341839852.634062 0.16269720211477068 -1.5028608654092739 1.1679915728576384 -0.04088264669851858 0.0007830158768359245 -0.0010474921272646063 0.9991630992211944
1341839852.669878 0.17760475738021775 -1.5052208866696253 1.169022514084757 -0.04020365399827418 0.0010008275600891013 -0.002214661668293704 0.9991885506865434
1341839852.701915 0.16714162735008747 -1.5004954370925256 1.1683738625745643 -0.04012756195960682 0.003112143632989883 -0.002506927459708212 0.9991865734926062
1341839852.737942 0.1421316883633899 -1.500160047671953 1.1713262806737927 -0.041450559013057865 0.003588634144005597 -0.0017601161381568177 0.9991325612017977
1341839852.769982 0.14107180307365277 -1.514987395451608 1.1885838682382255 -0.04352867995691255 -0.0019030786460317898 -0.0008585629056350908 0.9990499963378267
1341839852.801999 0.15093439777475398 -1.50595429264958 1.1851261228992382 -0.042935617840393604 -0.006677869968346571 0.001001324439087935 0.9990550215692405
1341839852.838034 0.1640618062796838 -1.5087710193776114 1.1904602950944865 -0.044217406641970436 -0.008792626555054275 0.001623835069985741 0.998981918669095
1341839852.869909 0.16364704750815193 -1.5236109075704354 1.1973941188373936 -0.04703626162615027 -0.008556555529512915 0.001012051866299878 0.99885602125668
1341839852.901899 0.15503389335398413 -1.5143772172769427 1.1929751582583283 -0.04618158085854487 -0.007800229354006403 -0.00013233762311293143 0.9989025981036302
1341839852.937980 0.15023595370346018 -1.5266559966883586 1.2082837720009205 -0.048711613557110525 -0.007698603927745074 -9.479363229913465e-05 0.998783210319633
1341839852.969844 0.14919566816251234 -1.561221359136384 1.2312557965414253 -0.0524865345536838 -0.007851992647857256 0.00044190313524293924 0.9985906641981093
1341839853.005873 0.163701031246664 -1.5503043256036328 1.2224177501657032 -0.04945729781665681 -0.011180390107719413 -0.00029790396544219854 0.9987136155189534
1341839853.037853 0.17164336549655115 -1.5475087266981773 1.2232395730995829 -0.04902298275223766 -0.011310704973669554 -0.0019152085732022641 0.9987317693410939
1341839853.069999 0.1766758134445111 -1.5730042273435214 1.2444434287664397 -0.051835246725864724 -0.009325457605299441 -0.00275446256791684 0.9986083095855356
1341839853.105921 0.1617306513802347 -1.5611244706323193 1.2351232520629998 -0.0497430286873165 -0.005295508997744574 -0.0032797417814326543 0.9987426254923304
1341839853.137883 0.17044084475889465 -1.5623156111979195 1.2373751321795061 -0.05036265744630938 -0.004942813553412696 -0.0033600938961776943 0.998713112509358
1341839853.170078 0.17346105524401745 -1.5906880840540085 1.259080934568449 -0.053793351205940886 -0.0033728844672639767 -0.0035570324682855318 0.9985400575522362
1341839853.205871 0.1714692144002169 -1.5922566208747244 1.2587795194123403 -0.05285735949019552 -0.00254656758872701 -0.003320118741683861 0.998593306282783
1341839853.237899 0.1714324944099535 -1.594578189315726 1.2611065971424418 -0.05232899581996153 -0.002435688711063946 -0.0030739150560466933 0.9986221981626506
1341839853.273915 0.16271280019735887 -1.6180681100827752 1.2796744491796426 -0.054671920420980215 -0.002625414986597003 -0.002602064377336306 0.9984975300793714
1341839853.305981 0.16405912187696833 -1.6264923293507283 1.2870439149850614 -0.05310221407692715 -0.005708191211180928 -0.003422746388192603 0.998566901224142
1341839853.337978 0.1794868758196167 -1.6308966197987984 1.2913710902446645 -0.05082755624268144 -0.008559377557083905 -0.004942755836804745 0.9986585331067714
1341839853.373951 0.17906344888106682 -1.6285494124345212 1.2897590143286652 -0.04983874204873913 -0.007444338524893641 -0.0038608842484237674 0.9987220710426625
1341839853.442054 0.1503134577394258 -1.6580563892886222 1.3176288584462161 -0.05142512933884899 -0.0103714817836939 -0.003290382600266106 0.9986175753612769
1341839853.505922 0.20439094002767266 -1.6626548260075065 1.3245578379618765 -0.0501868700524988 -0.018573588373382143 -0.003596271785365635 0.9985606474914349
1341839853.542097 0.1914878940378223 -1.699123018889073 1.3487131838979287 -0.053114785963148906 -0.014142076986605839 -0.003753897277231493 0.9984812113534355
1341839853.573956 0.181125525569261 -1.7077482476488834 1.3481115535688313 -0.05135848990269067 -0.013454692105397504 -0.004622927883640627 0.9985789429549599
1341839853.606086 0.18453636923608457 -1.7130606632887648 1.349671526786023 -0.04952740968922483 -0.014323122390104175 -0.004649033165539633 0.9986592363489649
1341839853.641956 0.17990442555401875 -1.7167364012399817 1.3544756881482198 -0.04708406761796344 -0.013805104127163858 -0.003778579171750631 0.998788381998923
1341839853.710154 0.1901935196070987 -1.7274342343278388 1.3644849386961602 -0.045199906103707034 -0.017701352844147387 -0.004929864065619564 0.9988089542229763
1341839853.742061 0.1965494926576024 -1.735450998592261 1.3672821974533316 -0.04477622336916797 -0.0183080192374287 -0.0068762996780797865 0.998805598079592
1341839853.774203 0.20866862187850282 -1.7418503365421925 1.3699066013085852 -0.04419258571882677 -0.017828616390277295 -0.008215997998838298 0.9988301423074764
1341839853.809870 0.20007232202547656 -1.7502556337837882 1.3756471796710623 -0.044003354213264685 -0.014052282523570863 -0.00865810520064489 0.9988950272116646
1341839853.841862 0.19565809398768985 -1.7488924154212206 1.3749268605658105 -0.04364967258887255 -0.013243145701528763 -0.008704997126618512 0.9989211921867689
1341839853.874056 0.19199856855504627 -1.765668139031187 1.3912634284133565 -0.04577049314645728 -0.013076942638934537 -0.007928196079039315 0.9988349209129997
1341839853.910043 0.1863306311767961 -1.7726814328937313 1.3946874049791527 -0.04581521853351466 -0.013523717171460099 -0.00715869675448065 0.998832732686193
1341839853.941919 0.19374213476579444 -1.771222897613675 1.395178802869826 -0.04512134573475126 -0.014463169275308161 -0.007388909782486331 0.9988494806054727
1341839853.977952 0.2055925855523983 -1.7870740060704853 1.4107147255576964 -0.047412973734780976 -0.014850400251990392 -0.008019421812784614 0.9987327792797065
1341839854.017422 0.19236639632433403 -1.7853527616774596 1.4147446704881221 -0.04732923080937615 -0.011406439241071042 -0.009216291125243447 0.9987716941487301
1341839854.049528 0.18739529199361465 -1.7894452961357403 1.4185351532164492 -0.04835684954023597 -0.011847258327089012 -0.00909938606370263 0.9987184081341124
1341839854.080991 0.18361048026969598 -1.7909779516118332 1.421423415337225 -0.047895063042568825 -0.012921639464700955 -0.008521040134597835 0.9987324396677593
1341839854.116931 0.18632840149084026 -1.7919534842043197 1.423410100100353 -0.048182903933131536 -0.013213188925118583 -0.006804723862252031 0.9987279485125843
1341839854.148886 0.198125604121403 -1.8012205070452796 1.4273774223776807 -0.04810619452776971 -0.012140594396256468 -0.008518585807443895 0.9987321130871885
1341839854.184921 0.20491434994995883 -1.7886380218749163 1.4270331846159063 -0.04518325119860155 -0.009078467089245784 -0.012299488958782715 0.9988617410922211
1341839854.216976 0.20093840924379264 -1.781797809265403 1.4286089748810697 -0.04818908426508742 -0.0075351870877143545 -0.01180229503859335 0.9987400757679974
1341839854.248759 0.20211058803632262 -1.811234884902066 1.4436389563702166 -0.05433389480120122 -0.010354242372888747 -0.010226128892640988 0.9984167686034146
1341839854.284863 0.20193261434318352 -1.8108071114039208 1.446207972876983 -0.05102755173025762 -0.011795166409707953 -0.007722374243633471 0.9985977307954499
1341839854.316904 0.20901306712571008 -1.8043835366109995 1.446251607730055 -0.05122144604007243 -0.011964302686575319 -0.007860240524904041 0.998584716258804
1341839854.352954 0.20919555256603548 -1.8247012011257715 1.455063666219647 -0.0544767328241523 -0.00763113781146721 -0.009816614707588182 0.9984376221838739
1341839854.385229 0.2151897121010143 -1.8226145834650154 1.458184124621127 -0.05124119094194457 -0.003537878882760624 -0.012363031427401165 0.9986035145230485
1341839854.417199 0.21687671943950199 -1.8117426956058957 1.4577551377877196 -0.05162423408681029 -0.0020922585193074448 -0.013350227049830476 0.9985751510762494
1341839854.452925 0.21021381104329498 -1.8345838961264125 1.4709387244626964 -0.05784691259800098 -0.005113433067365301 -0.011091794665032836 0.9982507498600995
1341839854.484956 0.21038485043767405 -1.847474159534677 1.4800611553884164 -0.05708045168563262 -0.00972467524207366 -0.0067117690809949315 0.9982996568579003
1341839854.520956 0.21315771598087316 -1.8443036315238301 1.4819673537571492 -0.05465129392359187 -0.01164873487110353 -0.005116133940058298 0.9984244429208877
1341839854.553347 0.21795715573614788 -1.8474089535639018 1.484203395020622 -0.05485779758033973 -0.011740006572535789 -0.007709069738494226 0.9983953948882556
1341839854.621017 0.21666516695092075 -1.8635648410165764 1.5000768568912004 -0.054518483987599904 -0.006260193559833593 -0.0074982364922825005 0.9984649825255718
1341839854.682031 0.19699728988092644 -1.8741643399938104 1.5128074950540848 -0.05313942487432096 -0.003712514167967344 -0.006064105677771753 0.9985617884662449
1341839854.713930 0.20468665693179663 -1.8814690852079194 1.5159443758633275 -0.052565886063058946 -0.003911912690698776 -0.004199571903188924 0.9986009654298023
1341839854.745858 0.20752410648053995 -1.8853704601095949 1.5227761405056037 -0.05015344950861161 -0.002605511886855848 -0.002412701777153382 0.9987352109945491
1341839854.781934 0.20749084690269898 -1.8937345115958917 1.5252128806062148 -0.049003325667476984 -0.002101807032927344 -0.0018427874761131164 0.9987947039382211
1341839854.813894 0.21340964266563978 -1.8906792244724717 1.5238629803228536 -0.04800388889378335 -0.0020825391724763487 -0.001626717613887706 0.9988436531667358
1341839854.845894 0.22590383759720112 -1.9104019462451238 1.5404133455067839 -0.05034825978319117 -0.0006608267007901151 -0.00030476677020268444 0.9987314569803484
1341839854.882028 0.20786009405875086 -1.9304922723746272 1.5515167320142351 -0.05170570844235585 0.004205594080388578 0.0010179715795820324 0.9986529909967556
1341839854.913923 0.17514790612951453 -1.9163482386185555 1.5412471404401085 -0.048969026207997514 0.007540702054792633 0.002795888772051478 0.9987679186331194
1341839854.950288 0.17916228425637937 -1.937423440870086 1.5614348600227816 -0.05130784269168983 0.005478069729070273 0.005464564234720895 0.998652909958255
1341839854.982075 0.20488010777096838 -1.9794071172292638 1.5847818618897638 -0.054705876768827204 0.004472476282587665 0.00871381048818872 0.9984544724270753
1341839855.013812 0.21272376626309492 -1.9594955501979385 1.5648477869419375 -0.04884685529396133 0.0046433493809625755 0.007055835733627119 0.9987705638516361
1341839855.050129 0.2002506606294339 -1.955307659558566 1.5648917734343382 -0.04769298514758875 0.005205533564238271 0.004674682412159854 0.9988375388081719
1341839855.081800 0.18579580983725522 -1.9898133013748354 1.587529808149544 -0.052116073604599675 0.005512089538662307 0.006141005935314777 0.9986069395848687
1341839855.114073 0.19595100167193738 -2.0012300006570656 1.5922268580096752 -0.050426276268198185 0.003290800319472758 0.008543316178431215 0.9986858229912217
1341839855.150030 0.21682953867230176 -2.0076502451743607 1.595691652742773 -0.04740355937772243 0.0013225561656085075 0.00810508720416423 0.9988420600700203
1341839855.182071 0.22533075945530884 -2.0143136569419435 1.595498715895354 -0.04615532779301692 0.0017229232045942427 0.005571983442480511 0.9989172489513155
1341839855.217767 0.22771637950005694 -2.01901257158884 1.595820650125906 -0.04523489000386681 0.0025823449019260988 0.002795309899911367 0.9989691298852567
1341839855.249960 0.20556893683100483 -2.0374137191361466 1.6114951678954805 -0.04495526772073758 0.007238430109328593 0.0034866865586066415 0.9989566917792526
1341839855.281992 0.1734008922752882 -2.046376461851067 1.6125164255964575 -0.04365745809760607 0.007928611387544568 0.005603748393202358 0.998999380118859
1341839855.317935 0.1794185028158782 -2.034767090211325 1.6073838762699708 -0.03970150544702725 0.000899837170387493 0.0051697501875617256 0.9991978054626132
1341839855.349844 0.2337780327120314 -2.053727845714214 1.6253181068230889 -0.040279312150697806 -0.005879641713342197 0.003978061897242617 0.9991632408418198
1341839855.381947 0.2588085515463973 -2.0586756920045763 1.6222302448412254 -0.0404297576442191 -0.0036377275741607327 -0.000844048119463297 0.9991754046300857
1341839855.417890 0.21397018248033073 -2.0397693759304243 1.6162725633582098 -0.03666167690215159 0.004677892167640236 -0.00575605762178667 0.999300208432002
1341839855.449975 0.16642031249393607 -2.0651472760532172 1.638819633787317 -0.04049787370063697 0.006966505725980628 -0.006574809893117184 0.9991337057163892
1341839855.485969 0.15692378748028507 -2.066985138163468 1.6393513988767716 -0.04068248264406867 0.004326986552678718 -0.0034943273593127226 0.9991566456114835
1341839855.517935 0.19344058174899698 -2.063550366725539 1.64395591864256 -0.039548683085658426 -0.0019088034698756448 -0.0016790562614361815 0.9992144108776515
1341839855.549932 0.20818877190388768 -2.0890865940799745 1.6639768701869029 -0.04302148557895162 -0.001901572821622464 -0.0024548053069355907 0.9990693217841725
1341839855.585931 0.193291529709748 -2.076506081302007 1.65296134245984 -0.04194926494120846 0.0027111727049075724 -0.0033728687233954167 0.9991103705147036
1341839855.617868 0.1872006111513024 -2.0576005698006203 1.6508049168027321 -0.04168578693082113 0.003240875184029196 -0.005879656457332971 0.9991082131260562
1341839855.653959 0.1555078955577297 -2.0876910231919505 1.682276527164112 -0.04828881028310339 0.007184440374063215 -0.0037119319102067766 0.9988006789041772
1341839855.686629 0.1540338878194337 -2.100968102173333 1.6914111572174235 -0.051338458392243026 0.003639668949155033 -0.0015296292724499908 0.998673508076656
1341839855.717974 0.18257814007250323 -2.076551166561063 1.6801054642486442 -0.04890008969047585 -0.0017424074687426136 -0.0007533133990508232 0.998801871125298
1341839855.754217 0.18866948795815772 -2.0878193471005546 1.697677242661817 -0.052924859416288 -0.0021768695834384066 -0.0013583484971384366 0.9985952009618013
1341839855.785976 0.17715476250528478 -2.110215977779051 1.716725834467775 -0.05790463050321687 -0.0011523416336170576 -0.0019106887181469857 0.9983196257430106
1341839855.817884 0.1647493633304626 -2.1057693580973087 1.7158657228359955 -0.05795998373193028 -0.0012511632425029713 -0.0013689582605835345 0.9983171844807708
1341839855.853954 0.16003324277099573 -2.110123102678644 1.7267526628337506 -0.058790804581934204 -0.005305873861169187 -0.0014223385882465934 0.9982552108314366
1341839855.885819 0.1729792422890699 -2.1215430665948185 1.7368930569489656 -0.06127336358140927 -0.01043706661017726 -0.002431624518668282 0.9980634898433028
1341839855.921856 0.19601249946106436 -2.1199526647846563 1.7375486894567278 -0.06118454709865175 -0.012008286921652005 -0.0041416235939402074 0.9980456398359463
1341839855.953959 0.1889938658694465 -2.1270084641053906 1.745873137295792 -0.062252318094291756 -0.007943607467015225 -0.0065471907591942375 0.9980073558273292
1341839855.985984 0.1501608716098664 -2.1326348566547373 1.7505767501715115 -0.06372775467316506 -0.003962281986605877 -0.009229936428056407 0.997916771018158
1341839856.021829 0.13612108141096946 -2.130221265022139 1.752614846872583 -0.06306674010741828 -0.005121229783566242 -0.010002436315877123 0.9979460459190523
1341839856.053782 0.1606264141036416 -2.1402726387998845 1.7626926769015898 -0.06480680464510208 -0.009839465412432436 -0.009950782599399206 0.9977997018027945
1341839856.086616 0.16701169571932398 -2.1426097653900573 1.7647950427454955 -0.06500398079581447 -0.010417944714937715 -0.012077909956911385 0.9977575221463798
1341839856.121800 0.16259003582183895 -2.1441806085911455 1.7675132590349483 -0.0649388996760767 -0.009512255308348047 -0.014354356083642503 0.9977406520580537
1341839856.153957 0.15860301443078137 -2.143016386828934 1.7693186275191668 -0.06531265595934227 -0.008120136579208391 -0.01555068506926278 0.9977106276608189
1341839856.190048 0.14715453192287375 -2.137935868370692 1.7701452837621974 -0.06537076641099476 -0.00796763476481433 -0.017039289344844867 0.9976837386234746
1341839856.222015 0.13081805280003383 -2.153072648678298 1.7864245651060986 -0.06910161078433473 -0.00865018762634912 -0.018528990180595842 0.9974000291577715
1341839856.253873 0.1413512717076547 -2.165038415291073 1.7967246053954877 -0.07142635603346983 -0.012769154429149292 -0.01909016498277968 0.997181422791195
1341839856.289840 0.1585955565952798 -2.17541683932774 1.8082503654013804 -0.07186903437124144 -0.015830888325489716 -0.019126567450507954 0.9971050091594814
1341839856.321942 0.15489566014415823 -2.2006777849912016 1.82594515769944 -0.07387827317552972 -0.01522901785253491 -0.019901484328429378 0.9969523602907872
1341839856.353811 0.15134959801265221 -2.207422018253621 1.8264795605109443 -0.07327790977130456 -0.015412609485463065 -0.021926888806951688 0.9969513583699265
1341839856.390102 0.14489352259234786 -2.1992942486374187 1.8228139298740578 -0.07147778668742298 -0.016291176953255607 -0.0241999031884283 0.9970154904761576
1341839856.422082 0.13923186211481015 -2.223653033931423 1.8419761893504216 -0.07481973149345422 -0.016671413376672904 -0.025123182574002367 0.9967411386376214
1341839856.457814 0.1458497531949565 -2.2562633664900806 1.860817819427543 -0.07831290328760408 -0.01820398225613565 -0.02752344672064292 0.9963825390327242
1341839856.489904 0.1681043844796491 -2.2466336629650043 1.850454181622881 -0.07457612686609477 -0.021551987092456013 -0.031116846229525746 0.9964966909301528
1341839856.521972 0.17309297859169268 -2.2463939328235902 1.8515229814878058 -0.07363386512423811 -0.020977539093698087 -0.03425186991726339 0.9964761944811357
1341839856.557920 0.150560271342382 -2.259253295507313 1.8603540640296852 -0.07594112234880873 -0.016538025525697258 -0.035533620482130955 0.9963417091859318
1341839856.589888 0.13190693172317153 -2.259156816992648 1.860592725872506 -0.076044180371629 -0.016172995686693708 -0.03595409311394562 0.9963247563071372
1341839856.622023 0.13764117767962653 -2.263217633582048 1.868600070252659 -0.07699775501312503 -0.020117529287527816 -0.03573244234131313 0.996187644624559
1341839856.657871 0.16251142742054298 -2.2732203550095775 1.8788195115298596 -0.07923977296762001 -0.024555479061985824 -0.0366877295760853 0.9958775513719675
1341839856.689931 0.1670635630969565 -2.272342179772179 1.8809266101694622 -0.07950740849886559 -0.02454326328554103 -0.038907235914945756 0.9957722767854845
1341839856.725899 0.14650972424822645 -2.2743803350582943 1.8870819255108495 -0.0811465589219167 -0.021292441536955864 -0.041225471123186704 0.9956215789340828
1341839856.757992 0.12785475072679509 -2.2815967368904118 1.8966007863666643 -0.0838633408064998 -0.019214721538603024 -0.042044907336202524 0.9954044204804672
1341839856.790085 0.12938853002176948 -2.301329878079937 1.915232863209784 -0.08745287886357404 -0.019604572786775496 -0.041061655975925024 0.9951289339140098
1341839856.839656 0.14500086285260808 -2.3065051628886057 1.9246932093630356 -0.08774436895122306 -0.022339852404867095 -0.04194464121179581 0.9950087958332288
1341839856.894594 0.14340439359476245 -2.307545273754466 1.928819292790013 -0.0882004834120469 -0.021924622502739976 -0.04357515105038965 0.9949076298154151
1341839856.926373 0.13917010836088478 -2.316096604739196 1.9351394249847118 -0.09014427880794555 -0.021203219439806274 -0.0431232845961791 0.9947687242817889
1341839856.958224 0.1383326014031719 -2.3294436205059523 1.9496420629260172 -0.09241593786205225 -0.021836695396421517 -0.04323431554042165 0.9945417271904636
1341839857.004395 0.14360603783836204 -2.3350787270049054 1.953466430499189 -0.09301645683738398 -0.023121722947183017 -0.044646308237582207 0.9943943040092927
1341839857.058153 0.14456160761355374 -2.3452154599780983 1.9695193470588706 -0.09537687309424703 -0.022558030114687516 -0.045877844672420294 0.9941275626016615
1341839857.094172 0.12954586345503183 -2.3518923784665566 1.974933124503943 -0.09633029324079666 -0.02095943435028361 -0.04560012891911914 0.9940833993978657
1341839857.127349 0.12224325655238567 -2.3471725227687217 1.9744654954114973 -0.09603178616807492 -0.02177037412742874 -0.04554595497557393 0.9940973356976078
1341839857.161937 0.1264897272432928 -2.343667072490929 1.9769157559553474 -0.09624345652930384 -0.02335184054218459 -0.04475541541034254 0.994076879023967
1341839857.193984 0.13218452186409832 -2.363160231286451 1.9952852684076243 -0.09999893109693811 -0.02408987863855203 -0.04434401715414196 0.9937069485865946
1341839857.226017 0.13790602513143246 -2.3830243412065464 2.0104625892967256 -0.10321359716259068 -0.024014772568856715 -0.04466580059959109 0.9933655975098094
1341839857.261913 0.14199049330955568 -2.3735182375478 2.005558433026283 -0.10236465080048855 -0.023661559734946606 -0.04590112776325052 0.9934056046386408
1341839857.294048 0.12955618548849732 -2.3668595298994135 2.009307056777903 -0.10155964378965304 -0.02135663586923028 -0.04555081177178038 0.9935565693027237
1341839857.325950 0.11760359556396922 -2.3975358428290563 2.0329670352912483 -0.10603947151455637 -0.020206655357256232 -0.04322513293240716 0.9932164464220075
1341839857.361866 0.123099596680714 -2.401306408923221 2.032586195168969 -0.10609833954133167 -0.021487335932440715 -0.04250486109286504 0.9932143643366085
1341839857.394079 0.14266390537830412 -2.3803684580622826 2.023222256121684 -0.10223208912590112 -0.025129697420963226 -0.043595584772222924 0.9934870523810819
1341839857.429949 0.1413550859285929 -2.398734920599435 2.0418422907059703 -0.10590180838266802 -0.024436955779751565 -0.04401924987535691 0.9931011770277529
1341839857.461927 0.1292619524173615 -2.4226559158484475 2.0594026105545393 -0.10995158096680427 -0.023458849422510406 -0.04385080891760297 0.9926920160774653
1341839857.494284 0.1268300921834798 -2.4242794398268943 2.0599315750851774 -0.10932211269459019 -0.024141795594387807 -0.044352248821334275 0.992722885505295
1341839857.529868 0.1340157012514671 -2.425209622753756 2.061812167655298 -0.10889313145892304 -0.024544859560709925 -0.04337479074986927 0.9928033356700701
1341839857.561886 0.12506987376124096 -2.4438285893561105 2.0783510503006686 -0.11160850736733326 -0.023356346455061374 -0.041602504469418204 0.9926062934443732
1341839857.594054 0.11817185064096652 -2.4668090489191288 2.0954273147361664 -0.11410963039753722 -0.02360294126026546 -0.04086929111272105 0.9923465092689869
1341839857.629788 0.13409438433162071 -2.4716724106192616 2.0965340752953074 -0.1128331087000537 -0.02529069616352548 -0.041082037253125696 0.9924421073713958
1341839857.661962 0.15311262981102125 -2.475539617044951 2.1040099047714165 -0.11016611818935682 -0.024911925019134966 -0.04117856590201904 0.9927472730283275
1341839857.697990 0.13775182940405936 -2.4944415752412374 2.1164007193596794 -0.1105083398717509 -0.020425057565282956 -0.04255350699459855 0.9927537070616774
1341839857.729964 0.120589748693406 -2.494761682630233 2.1138060024435785 -0.10814139413626345 -0.017991088554098034 -0.04298356129692364 0.9930428858136668
1341839857.762022 0.13295044260899047 -2.4980030429454403 2.120509806277289 -0.10539419972874696 -0.018861009707404872 -0.04177048350299612 0.9933738227295291
1341839857.798680 0.1552436744692518 -2.5285684658536307 2.141736776732561 -0.10728641067148197 -0.02051483839116931 -0.04436603665769674 0.9930258920503029
1341839857.829963 0.14899328650911173 -2.5276775910913827 2.1358973895630453 -0.10429703239193903 -0.017098434286247344 -0.047082111683440245 0.993283971147536
1341839857.865820 0.1343011832928148 -2.5147948725061013 2.130989392815938 -0.10016489835299515 -0.013817457485565844 -0.04815820818479995 0.9937086383799809
1341839857.897849 0.12003480947265179 -2.5210404665647377 2.1368976082104787 -0.10145644508206307 -0.011515688308782785 -0.04570801647371424 0.9937226755509413
1341839857.929959 0.10736177775163717 -2.546488575023901 2.155543647227101 -0.1048805389677135 -0.011151880051876926 -0.04089407683946616 0.9935810900961208
1341839857.965946 0.12812498506903208 -2.5643023769301068 2.1678389010156325 -0.10499507996181526 -0.015506060965254417 -0.038376919963801374 0.9936109939363813
1341839857.997930 0.1441893008203707 -2.572291486815793 2.170477338585854 -0.10400926170357008 -0.01632450739947379 -0.03778134123209493 0.9937243854272393
1341839858.030063 0.1460066817687419 -2.578588385703619 2.174096631972321 -0.1028521833088354 -0.015598316973824201 -0.03900215066802084 0.9938093142748545
1341839858.065790 0.14697517516848044 -2.6087440686196786 2.1956930291159544 -0.10531600245849194 -0.014833865683642627 -0.04093059270702957 0.9934853711231443
1341839858.097903 0.15735343516935899 -2.6183645233655772 2.1977584756338504 -0.1048900966221158 -0.015046761617534316 -0.04370954529534428 0.993408847476959
1341839858.134029 0.15511663931530167 -2.6184235963381655 2.197721146835809 -0.10297508181367372 -0.014159946772220338 -0.04512283980922958 0.9935590358707546
1341839858.198009 0.13843822243102383 -2.6376365827120796 2.2065584371607394 -0.10627973019346389 -0.010565896876550546 -0.041352701109858225 0.9934198180447756
1341839858.233911 0.1766245399502394 -2.645848901793311 2.2136116568649378 -0.10358229937789255 -0.016144935634482768 -0.04021882070530746 0.9936762524937481
1341839858.265831 0.1861807321536491 -2.656415434544711 2.21770348489057 -0.10246093123713843 -0.016353524321590446 -0.04240646181572626 0.9936981492427922
1341839858.297894 0.16066224500006598 -2.6531279653879913 2.21511942807707 -0.09956194697702499 -0.01220322763622105 -0.0446204273741321 0.9939554906585858
1341839858.334040 0.14713947620730483 -2.6559435802329183 2.2220972609442207 -0.09756916069821976 -0.011410319854709952 -0.04404763072982623 0.9941880454464059
1341839858.365902 0.1419176278740077 -2.6666615796366053 2.226476149561755 -0.09733374984412847 -0.011141142068225115 -0.038698947090498495 0.9944367288011745
1341839858.401915 0.14160481373670444 -2.6726065451796908 2.2282028788573722 -0.09622492129870669 -0.011626782032516639 -0.0341679917816806 0.9947050471362003
1341839858.433884 0.16477730328180634 -2.6820082367612152 2.2366360139186447 -0.09524684770841733 -0.014991287870923273 -0.03288128458933885 0.9947975273458078
1341839858.465923 0.1811735326213118 -2.68631545462602 2.237343837950044 -0.09497719079117363 -0.015551685550974274 -0.03518739925357316 0.9947358067545915
1341839858.501898 0.17390619896525425 -2.682731923741343 2.2368185629942965 -0.0937500529686757 -0.01506503021403539 -0.03913742294549369 0.9947121365290583
1341839858.533842 0.1505170925521061 -2.6984970658221217 2.253788950052959 -0.09630924176491752 -0.01191095094914147 -0.03711890222118066 0.9945877770694982
1341839858.565881 0.1547967598056409 -2.705037812308463 2.255828012435377 -0.09694844108874251 -0.01256442318977271 -0.03392818434605542 0.9946315967972005
1341839858.601865 0.1871080055947714 -2.6886171958684217 2.246863605291921 -0.09391199991130582 -0.017704832155011684 -0.03411945462635522 0.9948381466384466
1341839858.633984 0.18595824429989435 -2.702343872433776 2.2647155010580855 -0.0966842513671731 -0.017132966606878488 -0.03470159662788972 0.9945624244783681
1341839858.669940 0.18141521085876014 -2.729271983833496 2.2846148547161724 -0.1014071772126579 -0.016413926072875118 -0.035881993249455076 0.9940621962438158
1341839858.702025 0.20204649973364416 -2.7203548376397677 2.274085714858589 -0.09872266736762472 -0.020089971931701856 -0.03669729068192524 0.9942351516780168
1341839858.733908 0.20370818435357776 -2.712510145599269 2.2763244646888614 -0.09590388244407981 -0.02026961742718855 -0.03677007616484069 0.9945046754240712
1341839858.769859 0.19724172404866624 -2.7391622818817734 2.2971100178283854 -0.10039957231603774 -0.019360029369707512 -0.03656041199875751 0.9940867424002994
1341839858.801885 0.2039610092761087 -2.7440866718231596 2.2967149015280803 -0.10014106691919847 -0.020278055900407817 -0.0367932355011425 0.99408592434786
1341839858.833866 0.21453878464175358 -2.742629808776914 2.298131843557015 -0.0982748580470141 -0.021270505226906357 -0.03785509382044533 0.9942115518113206
1341839858.869844 0.2032896883223514 -2.759336836243411 2.312083427006944 -0.10102874070158882 -0.01820490930083621 -0.03884061705051238 0.9939583398194978
1341839858.901863 0.19054404033071926 -2.7624683721100642 2.31312344023126 -0.10087951959303988 -0.01741099062452755 -0.03821187456155284 0.9940120887467311
1341839858.937959 0.18832194587902962 -2.7633423680944684 2.3155191272945808 -0.10039743727613334 -0.018093596657194802 -0.03604067318474792 0.994129793449919
1341839858.969922 0.2095454269526987 -2.77165316707733 2.3227990163674233 -0.10160934470490691 -0.021547147201857953 -0.034248316258605645 0.9940011641590507
1341839859.001906 0.2164962361611243 -2.76987025859171 2.323274146058832 -0.10125193205657686 -0.021959229433292347 -0.03480717248559862 0.9940092048070084
1341839859.037871 0.220551921482187 -2.790438253581964 2.3431261856868284 -0.10403616517447083 -0.021474295217870018 -0.036836730050047645 0.9936590895774581
1341839859.069857 0.22228590817226773 -2.7977209074091833 2.3458156390947114 -0.1046595918778907 -0.021201660129828943 -0.039613577125661055 0.9934926390985486
1341839859.105853 0.22290018972737327 -2.802150358829848 2.3476488962948885 -0.10356259666937569 -0.020914505653781335 -0.04193374895376026 0.9935184611888368
1341839859.137820 0.22568255010685162 -2.8083423453467047 2.350074728225678 -0.10358319516959921 -0.02094873224018312 -0.04437894937194868 0.9934093723881534
1341839859.169829 0.22410244027008863 -2.818951461590019 2.3535631415660894 -0.10288130389006142 -0.02060450779896373 -0.04597552058850021 0.9934169029540704
1341839859.205812 0.21967767722579074 -2.825976599859924 2.355440651458122 -0.10184532618379591 -0.02036776241588093 -0.046196614370994135 0.9935182719051223
1341839859.237948 0.21357145635446023 -2.8302735799944907 2.356504184946049 -0.10145495012582074 -0.020190321042067663 -0.04368701262299701 0.9936753438418708
1341839859.269941 0.21216403534781525 -2.8347416773617344 2.358095957706322 -0.10190681070569955 -0.020438053451628548 -0.04116537774652998 0.9937317040217059
1341839859.305936 0.220518836919172 -2.843900579501041 2.3605958956280113 -0.10194855496099825 -0.02114117298974412 -0.041649808632897065 0.9936925260797839
1341839859.338106 0.2329512229440072 -2.850642975776525 2.362953096664977 -0.10113440363325392 -0.021533157992652544 -0.049030442776773445 0.9934305064722545
1341839859.373933 0.20525614200727807 -2.860450677284964 2.37044067761983 -0.1014624725610664 -0.015380982846761763 -0.05588958573297948 0.9931491057414568
1341839859.405964 0.1709772027628258 -2.869574713810935 2.372540743321255 -0.10221563852609013 -0.009861078047272376 -0.06001281068182799 0.9929013973877331
1341839859.437999 0.16737496941423782 -2.8669125069126427 2.371472762252908 -0.10088692295052251 -0.010022010158333865 -0.059935383831107504 0.9930403505673756
1341839859.473899 0.17934931821407546 -2.870525765455686 2.3830925562973695 -0.10297749420204054 -0.014395109051482603 -0.05885601067843189 0.9928365356544256
1341839859.505881 0.18294772062049958 -2.8897518855037436 2.400466511827721 -0.10781613734175316 -0.015179844739197026 -0.056368543176644935 0.9924554600497384
1341839859.537923 0.18585543091028542 -2.8890281530748103 2.4007581771768662 -0.10796569133530338 -0.01580179585613128 -0.05614803528019674 0.9924419937086407
1341839859.573971 0.1903569190781822 -2.8878649332640705 2.4024158514486684 -0.10862687643526739 -0.015524476476080561 -0.056677976898297774 0.9923440931858128
1341839859.606042 0.18758536437780068 -2.8907443321659536 2.403219761092589 -0.10920585558492346 -0.015130369642109452 -0.0574746267678313 0.9922408076159501
1341839859.641861 0.18287911791774145 -2.888095098632224 2.4030292929399937 -0.10810648301456 -0.015102736094152214 -0.05603127046668994 0.9924441507825909
1341839859.673839 0.1981185028938542 -2.9004588534484568 2.4161523336387036 -0.1111141140550154 -0.018621246131346 -0.05580519253048236 0.9920648584326113
1341839859.706001 0.20448282604541362 -2.9084845217315745 2.4179988815889195 -0.11224732098696223 -0.018776267712781826 -0.053726301382993905 0.9920491294496094
1341839859.741952 0.22330253386718915 -2.8989706880411252 2.4099081189015807 -0.10726164155561907 -0.021773348388854995 -0.0543968937636055 0.9925028158648213
1341839859.774014 0.22099197227589498 -2.899528240455395 2.410202335168326 -0.10583929334831024 -0.02127255410863561 -0.05900079654256944 0.9924033597446981
1341839859.805853 0.2146878643537703 -2.8953013767862976 2.4097868388589534 -0.10600852272749771 -0.020543879400000954 -0.06527797968025811 0.992007523911584
1341839859.842082 0.1970125642532127 -2.8998259286901207 2.415392814814068 -0.10973428771917741 -0.01703864871413295 -0.06195547624943341 0.9918818425152581
1341839859.910357 0.24164801636140443 -2.8981382214211386 2.412398118224451 -0.10698669142925037 -0.025559444362824965 -0.055576602523837906 0.9923768457157743
1341839859.941846 0.24765122037595214 -2.8858244605946934 2.410621718250232 -0.10736735147612153 -0.02573102829662495 -0.05715644298095671 0.9922415568023555
1341839859.974055 0.25570825356035526 -2.914944829194576 2.42320768001746 -0.11376053686289492 -0.025890379494191932 -0.05967009127307444 0.9913766734747049
1341839860.010232 0.25330472696089884 -2.8908711341911006 2.406228704674179 -0.1075649385788459 -0.025892441308483435 -0.059521917041633045 0.9920768654007113
1341839860.041967 0.25027062483343715 -2.8735120709121365 2.4026995197196053 -0.10762325112244137 -0.025803163241460633 -0.061393651962801964 0.9919587955571728
1341839860.077894 0.2499281405299504 -2.893297917227472 2.415004624983978 -0.11549116087581336 -0.02629404702635225 -0.0628454517057663 0.9909696584913321
1341839860.109987 0.24839430323547615 -2.897164348637001 2.4157541369388245 -0.11538209061198286 -0.027001727186955485 -0.05894936692980355 0.9912027300373526
1341839860.141917 0.2532092866150408 -2.8938741303457136 2.4157172755846834 -0.11423676145146577 -0.02733224380646919 -0.056163122579560416 0.9914880808379364
1341839860.177902 0.2610644286008441 -2.8905598809444846 2.4158817677045095 -0.11492277691443198 -0.02692786198228048 -0.05982621730593697 0.9912055636033313
1341839860.209829 0.2520616627963152 -2.890210432262335 2.4162494027885417 -0.11548899656343718 -0.025750648309390032 -0.06254671471939124 0.991003079844974
1341839860.242114 0.24339830404141533 -2.8890482378399147 2.416093990130424 -0.11548662519344322 -0.025661384222211543 -0.062436578143722866 0.9910126167062294
1341839860.278013 0.24045384727909477 -2.887094272587995 2.4156209002167954 -0.11548836787068002 -0.026098284306562827 -0.06051901669844301 0.9911199549301134
1341839860.310067 0.2442294923400258 -2.882961475875246 2.4148640387984135 -0.11553554831175958 -0.02652257887810266 -0.059547418178471034 0.9911620426924298
1341839860.345859 0.24636899236360046 -2.879378152900003 2.414744876545114 -0.11587228832463596 -0.02647884035262243 -0.06058969514240533 0.9910607310627028
1341839860.378795 0.2413092191329102 -2.8780341685064847 2.414509785190538 -0.11614134374082175 -0.026300005673276828 -0.06142730292428319 0.990982433966973
1341839860.446011 0.24107088801799081 -2.867652134595443 2.411973532055354 -0.11641735841690072 -0.026702428740069374 -0.06051361921986405 0.990995499912851
1341839860.477890 0.24107084139246437 -2.8667432589058293 2.4119859450244183 -0.11732960080894571 -0.026621451400083387 -0.06061503658884909 0.9908838884746763
1341839860.545831 0.24248687708223216 -2.8605571895317516 2.4102779873337186 -0.1175222836049299 -0.026689438110844132 -0.06058143658037936 0.9908612800445192
1341839860.577976 0.2480295191512844 -2.863716306079897 2.4110967782801342 -0.11843589774937997 -0.026514029395922557 -0.06156156138662604 0.9906967843538844
1341839860.614165 0.2315083742253623 -2.8583032909765222 2.4036384455653286 -0.11613459953565917 -0.023140826625447284 -0.06072403209722635 0.9911053671833455
1341839860.645895 0.22982720535384418 -2.8550986357859784 2.402582590822666 -0.1152191485835654 -0.02300189128687011 -0.06104350248374278 0.9911958189991615
1341839860.678150 0.23491028626378677 -2.85630707932746 2.402955517601166 -0.11649554953119165 -0.02298306856795907 -0.0626365717143452 0.9909476400811982
1341839860.713931 0.23102863536669294 -2.8676004512960853 2.4052908255330188 -0.11579177852383749 -0.02262331186496226 -0.062258177017450275 0.9910622428389688
1341839860.745925 0.23084056685352608 -2.8411248680933516 2.3853432000143955 -0.11154187671428081 -0.022787865375349027 -0.062071017107290745 0.991557518132939
1341839860.777879 0.23504632567319217 -2.8383660950040834 2.3851708248218695 -0.1127657037564107 -0.022745675806637826 -0.0637722563211032 0.9913120747837847
1341839860.813880 0.2317213795554269 -2.8498304734393347 2.3880110262087264 -0.1129245616325346 -0.0225357471689376 -0.06417720547996004 0.9912726515830125
1341839860.881962 0.23666564675993018 -2.8523141391297386 2.388445313930146 -0.11123233790990125 -0.022977148288733203 -0.06521993234516266 0.9913857867069222
1341839860.913833 0.23400057930079282 -2.861597400639803 2.3907019238246416 -0.11109750001663804 -0.022637494125608705 -0.06607835292838918 0.9913518752814426
1341839860.945899 0.22547612230302558 -2.859768714677086 2.389682818720258 -0.1095102831988622 -0.021975517138343573 -0.06462293131068267 0.9916392747713343
1341839860.981862 0.22313958675436052 -2.8540027096045155 2.388653555485611 -0.11025516687816948 -0.022043430335613935 -0.06488327600942545 0.9915382220822284
1341839861.014122 0.22608463607006402 -2.857714395295213 2.3889398840926646 -0.11131879862960711 -0.022428947802956792 -0.06383028211423991 0.9914790781742826
1341839861.045923 0.24162950759728122 -2.8409090146308986 2.375305944088888 -0.10774744466459908 -0.025478542746059474 -0.06326099681864371 0.9918363667003207
1341839861.082003 0.24282033824350324 -2.834433132203933 2.373789718291484 -0.10755573570089266 -0.02554938071987504 -0.06277295082635141 0.9918863591698488
