1305031526.671473 0.0 0.0 0.0 0.0 0.0 0.0 1.0
1305031526.707547 0.006986103951570801 -0.0116226711076102 -0.006223357471344427 0.008462029531115594 0.009431375335526139 0.0028198824930034416 0.9999157421894211
1305031526.771481 0.03842714817633148 -0.04056758410422557 -0.007293108998514397 0.01907581438719126 0.012527640394259361 0.001643896983909193 0.99973820029762
1305031526.807455 0.04029516871531248 -0.08986248902159089 -0.03607523029709436 0.03717255708752522 0.03050225962725618 -0.00036056864267369645 0.9988431724487382
1305031526.871446 0.045493401659974855 -0.09493541470084221 -0.03966719587776436 0.06697182066008342 0.04090198169590094 -0.0033622126573008525 0.9969104767514828
1305031526.907484 0.05804360069759162 -0.15700522747383625 -0.0682860870440034 0.07071208655687035 0.048221415613896035 -0.004727204955006062 0.9963193009393517
1305031526.939618 0.05682625107014805 -0.15963205105058206 -0.07837894896219098 0.08824942946434047 0.057560060315169026 -0.006767522313450716 0.9944109202424666
1305031526.971510 0.06077193499473846 -0.1716082359676217 -0.08990898669138041 0.10276778537665608 0.0627975966397345 -0.007818640433087047 0.9926903409456691
1305031527.007595 0.058394942414481794 -0.17266485286980413 -0.0988132194111688 0.11618227836177863 0.0697471507835666 -0.007646111564934954 0.9907464610737591
1305031527.039512 0.058747746731935425 -0.18006665213478829 -0.10917761973034139 0.12947009203517926 0.07558352557292003 -0.00847958195322043 0.9886620871765383
1305031527.071487 0.06096547324827605 -0.17374154383140783 -0.11713236996251893 0.14580028287160246 0.08136475829061877 -0.008587266210920331 0.9859251049049785
1305031527.107498 0.05316699727989335 -0.17475046860436041 -0.1271500458171141 0.1527290955456963 0.08811146650879616 -0.006465076337644464 0.9843111274548367
1305031527.139473 0.05319779320241576 -0.17653271983419433 -0.13375289903810322 0.16301096400008405 0.09259234010594286 -0.0077459530929239375 0.9822393213367867
1305031527.171540 0.05284563333235792 -0.16970778531488878 -0.13822298563686952 0.17089172083223578 0.09704050523447828 -0.006486689995890545 0.9804779869776435
1305031527.207588 0.05846431788982111 -0.18071758572615937 -0.14897120212174378 0.1663346211250709 0.09735447963588241 -0.005517990739564306 0.9812361850687142
1305031527.271501 0.053696965193754 -0.1731695015462204 -0.14786966393660533 0.1620005990298592 0.10262538953264569 -0.007559326793450473 0.9814105623619861
1305031527.307472 0.04362409257049077 -0.1621018096100792 -0.14078616410213043 0.15360291965992565 0.10237600972228166 -0.0030825726547908743 0.9828101512759818
1305031527.339636 0.044106658687572596 -0.15262535386127846 -0.1340898398254239 0.14599319167646566 0.09873264316766191 0.0012985901594394413 0.9843455525479071
1305031527.371505 0.04489208569220439 -0.14810013294963775 -0.13026655883945673 0.136668283799151 0.09658821522835564 0.005129607197493258 0.985883453564566
1305031527.407412 0.04387424424709632 -0.14648480210570958 -0.12814332674183868 0.1259037995652659 0.09693641697994039 0.00821866087083049 0.9872608662008291
1305031527.439476 0.04388289724569718 -0.1398944205427159 -0.12379985319875281 0.11633711747592022 0.0974136721917346 0.01112301258485381 0.9883585028513455
1305031527.471497 0.0437602554009822 -0.13742938597825788 -0.12016578197446523 0.10631971478849324 0.09679284603051051 0.013405169516799067 0.9895188551184025
1305031527.507487 0.04476670136709335 -0.13411160520926244 -0.11678580454251497 0.09644678803947046 0.09551229625916323 0.014632419211255203 0.9906368207613717
1305031527.539741 0.04453170717664789 -0.12343982350971512 -0.11275829579395472 0.08819304769856906 0.09594234108960706 0.015366237926433117 0.9913530815284091
1305031527.571506 0.043491928863495795 -0.10505776856957946 -0.10391224931883321 0.08123977155052739 0.09625159576327133 0.01627932177838373 0.9919025725916222
1305031527.607559 0.04342401979639985 -0.09825164754278053 -0.0982606856058207 0.06812748921442188 0.09606807709498542 0.016322879212796924 0.9929064071657587
1305031527.671547 0.037904741498514236 -0.09620988999669317 -0.09409700615745549 0.04587561630898117 0.09458785948325624 0.018545133251641064 0.9942859964312714
1305031527.707520 0.03376185361457229 -0.07169420559713968 -0.06783792455277918 0.03529760975118773 0.08226284308753888 0.011992379783057406 0.9959131921107117
1305031527.771461 0.02322190771943557 -0.06488708293497343 -0.06656059924706541 0.022732388288822594 0.0751989658457315 0.015321914028050112 0.996791649748801
1305031527.807581 0.01611223204325752 -0.06413735558175794 -0.060806789245512936 0.014187161708685288 0.06932947294531196 0.016934599600275244 0.9973491705316427
1305031527.839601 0.00244885601759888 -0.06045055383784565 -0.05184121329974637 0.01001813387504746 0.06314611352660625 0.01676860989154202 0.9978131183054533
1305031527.871464 -0.00923582833452199 -0.055405640066768756 -0.04974104259542984 0.00454671422898058 0.05362248956501515 0.015002867133094058 0.9984382154046174
1305031527.907477 -0.01067039146828109 -0.05209949812199109 -0.03580582448336405 -0.004845746548193632 0.03309794456924359 0.01117301764497413 0.9993779107436724
1305031527.939566 -0.02614315190561394 -0.06353031926009896 -0.030479129000260764 -0.010735460419644636 0.02048961214380341 0.0027398975874997934 0.9997286725131902
1305031527.971502 -0.0382144788832995 -0.05939667776715633 -0.027696997211191003 -0.006137599538317809 0.004796443161544548 -0.009670709692444187 0.9999228977170942
1305031528.039560 -0.07403347727040488 -0.06323626827995824 -0.024481060728225194 -0.006296079388040937 -0.008804080831179477 -0.02825618562960712 0.999542112929077
1305031528.071546 -0.09850603784664791 -0.054873455112931666 -0.03273268214974212 0.002804558255470539 -0.022962776724758827 -0.055508942624424164 0.9981901635594292
1305031528.107513 -0.11858569346472428 -0.054376027500140575 -0.03431286572755684 0.007837744164915533 -0.037174797252094875 -0.0710721875245754 0.996747384434062
1305031528.139513 -0.12822090283027446 -0.05077957653287516 -0.03622320547646393 0.014042849660948537 -0.05508456956866405 -0.08724133810830664 0.9945639433912272
1305031528.171523 -0.14330825144009254 -0.04926711823800665 -0.04132772996112196 0.017929749494701514 -0.06705632921494183 -0.10455800606854976 0.9920935420424047
1305031528.207527 -0.15544933359128973 -0.05455832412935988 -0.044804553269939096 0.02254165245669247 -0.07766379203624599 -0.12328387610120259 0.9890709252649867
1305031528.239493 -0.16611327691980923 -0.05182738921099287 -0.04849541754969968 0.032170140151570235 -0.08677778722084509 -0.13696960647784082 0.9862423762082974
1305031528.275450 -0.18994238711223943 -0.05001521281818759 -0.05404530079356069 0.03812760243135809 -0.09626406044135337 -0.14962452851814242 0.9833066749828887
1305031528.307665 -0.2200051243032089 -0.05037963145463592 -0.06276978204461464 0.044610671361492396 -0.11104462508205912 -0.16094650295500576 0.9796811738660783
1305031528.339593 -0.2388693755607141 -0.047216920506641995 -0.07036944174134858 0.0529232793952403 -0.13231205628059986 -0.1693066160862914 0.9752066017056401
1305031528.375435 -0.2513657191606879 -0.038807616162982235 -0.07871587010095253 0.05957521993335625 -0.15488466405299683 -0.17952549935006046 0.9696556755334313
1305031528.407459 -0.27294266169681153 -0.03352123405462307 -0.08575160784861881 0.06539500778189213 -0.18039134877759883 -0.18387771760430685 0.9640391274279468
1305031528.439469 -0.2960307993236123 -0.03100350259500263 -0.0945559066004693 0.06814332413914725 -0.20627515217354545 -0.18966570545874492 0.957514474639358
1305031528.475342 -0.346188489182865 -0.016429533323680447 -0.11248538492888843 0.07039518271648403 -0.2147886202895242 -0.2122772861840354 0.9507095879472227
1305031528.539626 -0.4030080652773289 0.0026745305858094474 -0.13769819780968962 0.07270616043772507 -0.23064299482423972 -0.21493135577936115 0.9462146349934335
1305031528.575449 -0.4175778978483205 0.008041672296862503 -0.14789751517705696 0.06582968747768314 -0.2545837457136409 -0.21881610531227763 0.9396664731280832
1305031528.607841 -0.4447974381305101 0.014435176117102655 -0.15463052924586565 0.05958735785754931 -0.2726601650641044 -0.2249267123907123 0.9335490106169463
1305031528.639487 -0.45974489620670755 -0.0020787333048104435 -0.1540606912882506 0.04556904933500668 -0.29755862573018715 -0.23872724502784992 0.9232505772961533
1305031528.707447 -0.49636900709573695 0.020348358126764953 -0.18060766286359123 0.033925313467866064 -0.3033817286009398 -0.24852127560198395 0.9192637137570356
1305031528.739609 -0.5039895953987069 0.028640187236537315 -0.18147231568625952 0.025101840298119814 -0.31009708745711456 -0.25511052936528483 0.9154934799173766
1305031528.775443 -0.5079953474171482 0.02442854487672113 -0.18546049139661738 0.010622903649573096 -0.31385144808765836 -0.259986549093898 0.9131217973203681
1305031528.807559 -0.5150433394971403 0.03709824903024844 -0.1872122028931458 -0.000574279579005087 -0.31492142077516405 -0.2652423318140483 0.9113016374141797
1305031528.839572 -0.5248939303821614 0.0524688756019684 -0.19177861796888374 -0.011255772368198868 -0.3158217884156749 -0.2721074202456363 0.9088935346879669
1305031528.875433 -0.53108937810615 0.06759660976391105 -0.19428882241443723 -0.022964377707555318 -0.31721783808889326 -0.27770519431108076 0.9064906538996196
1305031528.907519 -0.5371544290855718 0.08127832366126084 -0.19695084321736106 -0.03640426577533848 -0.31641266480744296 -0.2827845036768621 0.9047600120822336
1305031528.939602 -0.5475129586193467 0.0944721359464278 -0.1983835693745059 -0.052528762138396225 -0.3139771339718852 -0.2853099203758817 0.9040228635527523
1305031528.975465 -0.563778502711588 0.10923459475067253 -0.20148632541170977 -0.06502309781835845 -0.3112868589705021 -0.2833627459196327 0.9047530284045863
1305031529.007487 -0.5676182918848791 0.12260152732846882 -0.20408699572036584 -0.07940813770679647 -0.3089779669245274 -0.2790361170333263 0.9057404755293258
1305031529.039494 -0.5678162651672446 0.136322012839591 -0.2032655877732097 -0.09551681216137892 -0.30526999646454367 -0.2713326686485145 0.9077804529604845
1305031529.075422 -0.5793792611986197 0.14810703949980095 -0.2012375490268528 -0.11115894894206207 -0.29425323519693863 -0.26325621319708337 0.9120059692016081
1305031529.107523 -0.5924282116243347 0.16213499430364814 -0.20515789096153472 -0.12280228862095333 -0.27902183613618625 -0.25159865911981033 0.9185665613322543
1305031529.139597 -0.6093276930376433 0.17979920919066295 -0.21370069099227812 -0.1339844271804625 -0.26199434163321345 -0.23641462925623874 0.9260211991628157
1305031529.175411 -0.6315893979931236 0.19927543199584927 -0.23031019856532406 -0.1426465311031133 -0.24118819431696972 -0.2252460921357796 0.9331368710237151
1305031529.207466 -0.6413004777435373 0.217030936321511 -0.23917148183076709 -0.15725599139213667 -0.22709802923508507 -0.20902952476897732 0.9380851219711747
1305031529.239515 -0.6495548924185374 0.23229273262646388 -0.24396857447126039 -0.17150389653827544 -0.21547307702050822 -0.2003963266533546 0.9402122520023584
1305031529.275389 -0.6775974750571107 0.2523257631244777 -0.2377493193263991 -0.19567820952642942 -0.19283624734161095 -0.19490519773627782 0.9415605046533758
1305031529.307413 -0.6979758021003504 0.2629298575026946 -0.24398526848794438 -0.20999693555644314 -0.1737458976248186 -0.19110439161026985 0.9429701806646481
1305031529.339486 -0.7154390517513011 0.2824118544604136 -0.255205983370412 -0.22016307745653138 -0.15812009974705174 -0.18692084110743193 0.944238768818853
1305031529.375399 -0.7420407250054739 0.28689449719380394 -0.2582845825369434 -0.2363946166992663 -0.1490980934519529 -0.18506130654399006 0.9421463031529829
1305031529.407513 -0.7649962972496837 0.2978577057089446 -0.2657306618875647 -0.2370946826339046 -0.14728635082330935 -0.18743115808946384 0.9417868141491071
1305031529.439502 -0.786172636852831 0.30483053968927193 -0.27122820873985704 -0.2382472606044882 -0.14351194145172266 -0.19076027111748614 0.9414101573907087
1305031529.475403 -0.8077782506278682 0.3130531274024905 -0.27872720523382094 -0.23545782035511875 -0.13776592633216903 -0.19291148782116585 0.9425313375384828
1305031529.507485 -0.8276308347198813 0.31504759643964464 -0.2812004004752679 -0.23366474292083192 -0.13465326690336846 -0.1978926518912316 0.9423947070922295
1305031529.539489 -0.8457553627481736 0.321649543694656 -0.2872272737477774 -0.22405779206538112 -0.12793604228440375 -0.20047976985072904 0.9451128698626368
1305031529.607479 -0.8772440915716941 0.3252908234357634 -0.2934322733938861 -0.2251806697600627 -0.11524303339298095 -0.19437690039741384 0.9477501410248846
1305031529.639746 -0.8950066507870518 0.3320110617876595 -0.29673102372014043 -0.2255608224914112 -0.10784777219439032 -0.18902315407756234 0.9496111944434291
1305031529.675618 -0.9099874867597297 0.3373639397815127 -0.2989978504411945 -0.22757022899052043 -0.10016812968563486 -0.17924701683697936 0.9518658748098539
1305031529.707557 -0.9257733188788888 0.3411745189930705 -0.2989688072114491 -0.23201121567762098 -0.09313716239976381 -0.1704310355786346 0.9531261862374297
1305031529.739568 -0.9361542805079501 0.343262635353664 -0.29666762548271175 -0.23564248659568351 -0.08771739417254484 -0.16381393343053816 0.9539094676564426
1305031529.775501 -0.9445675072336307 0.3440716108241207 -0.2930215584288062 -0.2391056300053902 -0.079737091364302 -0.15903442263110654 0.954556727690334
1305031529.807516 -0.9565576800284062 0.3433409725936509 -0.28096493610448714 -0.23814595161232494 -0.06976244670600976 -0.15763057227318797 0.9558097663474043
1305031529.839505 -0.9762003120573609 0.3403543274795486 -0.2775951032634433 -0.23542917250913786 -0.054433555127634564 -0.15164394897639322 0.9584436371256663
1305031529.875495 -1.0010440711172444 0.34668388287580165 -0.28094801133910163 -0.22886644452686322 -0.038199269243286656 -0.14056172228609204 0.9624985031816308
1305031529.939498 -1.0342897594452969 0.3560657187762599 -0.2750108954743498 -0.21602514104461062 -0.028327224919921255 -0.12089619936735858 0.9684600227905753
1305031529.975501 -1.0525127577630573 0.3567281775230737 -0.2760201301761918 -0.21420732783829752 -0.0232509871147394 -0.10986270462164531 0.9703117016875478
1305031530.007409 -1.0735231238941032 0.3581965965426529 -0.27562238706671477 -0.21444433390064555 -0.016329655165303845 -0.09776831451125889 0.9716935353791954
1305031530.039454 -1.0981026839979495 0.3562170690854214 -0.2730576163121954 -0.21613592309671514 -0.010152215824461694 -0.08481568977889857 0.9726193983405409
1305031530.075443 -1.1209590232381614 0.35251534085384106 -0.27372657661986355 -0.2186633611235975 -0.006066817717128159 -0.07233062236551777 0.9730970194657552
1305031530.107445 -1.1449249559326669 0.3541796610984802 -0.2727769190768412 -0.21771119498245003 -0.0014694527201780752 -0.06447863140515304 0.9738799630242614
1305031530.139497 -1.1759008496951884 0.34901804714027657 -0.2700963574752034 -0.2122623826445327 0.008342075267523839 -0.04934596027876137 0.97593035965609
1305031530.175410 -1.1929557873983503 0.340712153768929 -0.27559700120608605 -0.2097056131785542 0.0077134855124125195 -0.04302956615354541 0.9767868315959707
1305031530.207486 -1.210130907324107 0.32964540431303613 -0.27677935850985125 -0.2064880629014449 0.008106278672487881 -0.03988682302525211 0.977602173419355
1305031530.239446 -1.225572785902869 0.31030969684905735 -0.2769897414441491 -0.20515033852611744 0.008542362428793656 -0.03784940318655352 0.9779610367111655
1305031530.275407 -1.2424251488398939 0.30160779887472383 -0.2875047611171239 -0.19749010765303457 0.011617636321684362 -0.039542656017495806 0.9794381380467952
1305031530.307544 -1.2591689500800267 0.2921285482491882 -0.2964614974611162 -0.1911095576516003 0.015605418738949006 -0.03998107650099626 0.9806299615053656
1305031530.339724 -1.2774704085872925 0.2861957153555901 -0.30745910286116734 -0.18445420479437502 0.022272314658324365 -0.04152863986249844 0.9817107325503821
1305031530.375386 -1.2920293954615278 0.2835623327686909 -0.32164849153313 -0.18022585778711755 0.027620367467075132 -0.04339966946792249 0.9822790968843621
1305031530.407465 -1.3109989127192914 0.2681831720258651 -0.3245522150447586 -0.18167383565398618 0.034946464526598185 -0.043023343844840516 0.981795474597571
1305031530.439553 -1.329292170111926 0.24982843203036945 -0.3261445562451134 -0.18182300085516623 0.04182723357704851 -0.042849223471474095 0.9815064049404907
1305031530.475439 -1.349632982022995 0.23544448350911676 -0.3328067412728851 -0.1800430491469186 0.049244545999691476 -0.04212496617134525 0.9815217584792651
1305031530.507461 -1.3615057582904386 0.22024653869656885 -0.34044475389019785 -0.17681832913342851 0.05454373521022832 -0.0398554545997796 0.9819225031388298
1305031530.539532 -1.3669062270901333 0.20116557221636433 -0.3429272340451177 -0.17188693154025167 0.06140781370348155 -0.03926813498426841 0.9824163968280937
1305031530.575433 -1.3883816405519442 0.16192308289996898 -0.374283190364734 -0.16108246192131692 0.07831919343991009 -0.04406457165836218 0.9828412170462001
1305031530.607559 -1.3967712609408365 0.1453679174862184 -0.3888622236475229 -0.14543135153807568 0.09288346931472034 -0.04653701339375269 0.9838987191282755
1305031530.639507 -1.44661081043716 0.16059705439232644 -0.4256297844160923 -0.11818353353024474 0.1362280395420339 -0.03038189630643929 0.9831335179016459
1305031530.675401 -1.4901410507406139 0.16626164049100448 -0.4381773423212587 -0.09529622642092295 0.1704418277305928 -0.04814815652212108 0.9795662140015396
1305031530.739522 -1.4538556423083635 0.12038768132905087 -0.47023939239932505 -0.08052486145227168 0.19006264115933116 -0.04493287610282748 0.9774318266604384
1305031530.775437 -1.4584397919278231 0.10795610001878855 -0.5155043838227394 -0.06157651347490637 0.2138892379611165 -0.03986147258815524 0.9740999896703587
1305031530.807467 -1.473235993653251 0.11341617832148636 -0.5334145492284736 -0.04852068435374829 0.2348189236656462 -0.03358460436390674 0.9702463041043101
1305031530.839463 -1.4932516635512305 0.12600540116984701 -0.5463369114573862 -0.042402207270150837 0.2524748400467025 -0.02431335919203694 0.9663681330253041
1305031530.875401 -1.5185353948030331 0.12449331076282366 -0.5504674518743305 -0.04477446195915489 0.26508856464065694 -0.013553561353153276 0.9630885740302773
1305031530.939462 -1.5436836573079533 0.12941326296172345 -0.5463559117315429 -0.03775491912756171 0.2673928419460071 -0.007196274981479561 0.9628207765644141
1305031530.975286 -1.5719508675764642 0.15035084974404633 -0.5391124067404931 -0.0332306573752268 0.2573087483467839 -0.003982099447706392 0.9657494883864096
1305031531.039689 -1.6247370750775696 0.1677230680131417 -0.4942785325638004 -0.031160463241009358 0.25211411333777384 0.006363626008646142 0.9671747534187075
1305031531.075325 -1.6489742150824276 0.18541921521306332 -0.43397374083932183 -0.041459972147620115 0.23490572979653188 0.016140083378855263 0.9709994163370043
1305031531.139581 -1.7256015216820588 0.23475851361934633 -0.3743047712211881 -0.028518109818597905 0.23231532572967065 0.0443622354066635 0.9712097090295263
1305031531.175355 -1.7324142648007106 0.24322544328166268 -0.32898224848689683 -0.03346181236065764 0.2068890900966917 0.0561337497880841 0.9761793962419171
1305031531.239619 -1.794922216789802 0.24838664079418837 -0.2874135896371255 -0.04414989992787468 0.19038899315045626 0.062099979020021845 0.9787473679296558
1305031531.275515 -1.7730740465330936 0.25794723396449354 -0.2498021311831386 -0.04240590839249463 0.15278337796401426 0.08371626263701555 0.9837939650767353
1305031531.339595 -1.8240940023371224 0.2553500984420347 -0.20673173042180204 -0.04177996719247097 0.14271878393418033 0.08632804616098147 0.9851057057492734
1305031531.375434 -1.8280416696658701 0.2636687504419493 -0.1733800562782785 -0.040349084073657206 0.13623819802544995 0.08176647638198141 0.9864711593114478
1305031531.439644 -1.8495739072648818 0.26272032316505045 -0.1469968406640108 -0.03686663677262749 0.1448825308837782 0.08513619631805282 0.9850897072928343
1305031531.475324 -1.8617956293802187 0.25905157959722325 -0.11884605599516623 -0.03498989743787416 0.15410778309353002 0.08850947267754472 0.9834594915468707
1305031531.507602 -1.8782892682378014 0.2593094921153415 -0.09758398521424232 -0.031091288871830363 0.162267889692842 0.09019994842505179 0.9821234306516875
1305031531.539487 -1.898614145378728 0.2563301852912859 -0.0771576247311125 -0.029712855504388437 0.1690867811823767 0.09448309273998973 0.9806119272339322
1305031531.575392 -1.9136149720062015 0.25203449758351665 -0.05158122344643682 -0.027297865974562338 0.17407883701966828 0.09965756105360805 0.9792955404472966
1305031531.607419 -1.9258198708046992 0.25258614356149706 -0.037137446107209024 -0.024453929202849313 0.17768194429350148 0.10414698565901681 0.9782558649948211
1305031531.639521 -1.9377979221208856 0.2487184619760167 -0.020440377129941206 -0.02481170167450583 0.18316275780976116 0.10761728782964115 0.9768594079864986
1305031531.675444 -1.9516770595863733 0.2425850202385278 0.004227415913290112 -0.023009470627097874 0.1904165264410198 0.11106170621583353 0.9751294314766769
1305031531.707498 -1.9710838800798154 0.24074064708932688 0.021142934823330205 -0.020546750394155443 0.19564105987390995 0.11226538365028321 0.9740117506342058
1305031531.739657 -1.9838288533327786 0.2361552077498753 0.037540425806526875 -0.02099718543586482 0.19843777932542828 0.11076382038956344 0.9736082076651137
1305031531.775442 -2.0017163325999663 0.23308388637526692 0.05997574999214737 -0.017991849331430613 0.2055149741353517 0.10722699652659069 0.9725956302491131
1305031531.839545 -2.0387379078475214 0.23121378199376438 0.08091066604225979 -0.013960644958188499 0.2134700371560194 0.10546172889621298 0.9711402923199011
1305031531.875426 -2.06484379229437 0.24181757511423824 0.08725472426922995 -0.015227216524990147 0.21703878471355922 0.10576373940498301 0.9702970314465768
1305031531.907427 -2.076321647350757 0.24400952147398663 0.10397866673677608 -0.02345459638810218 0.2185630801072718 0.10730324017126622 0.9696216151525517
1305031531.939564 -2.0888863259328 0.24417207975971397 0.1148888509344434 -0.032709574312990104 0.222239682033906 0.11078496312141788 0.9681251465714128
1305031531.975488 -2.093143829259135 0.24570204347731256 0.14963061055948337 -0.046018404329266224 0.23094764981014626 0.11512439552007955 0.9650346434539523
1305031532.039675 -2.120403871528393 0.24821403184279073 0.15726088986321954 -0.05962991918828948 0.2413207835585303 0.123018621286171 0.9607679069250528
1305031532.075525 -2.136716984078886 0.2585459846282215 0.16989875270564614 -0.06894771474680918 0.24790339068793008 0.1341171103496889 0.9569758211303312
1305031532.107398 -2.150277966286874 0.2671944447764072 0.1846163085941089 -0.07990628251421573 0.253812047305184 0.14833670016439532 0.9524655658037458
1305031532.139520 -2.160328566107925 0.2708164300148882 0.2033674367664273 -0.09033675981218668 0.2584123974110484 0.16602257177021787 0.9473641371477574
1305031532.175563 -2.1722129606709464 0.27542301668083435 0.2182367832326993 -0.09873454084845337 0.2619645883330821 0.18454143158998493 0.9421096034589844
1305031532.207465 -2.1810161480572097 0.2785794699879396 0.236031642957614 -0.10658496283533858 0.2650308655527839 0.20274219311216302 0.936639679457263
1305031532.239966 -2.188260794361263 0.27555589470009484 0.2555157877004833 -0.11579561482516326 0.2670160327550049 0.22380848836895445 0.9301631977094377
1305031532.275514 -2.2011563267960685 0.27673450208205147 0.2710670373549422 -0.1223606866673164 0.27160247628118284 0.24163709207757972 0.9235104076124566
1305031532.307481 -2.216165706944378 0.2817302296751373 0.2895415701383928 -0.1263280749583083 0.2774174842468772 0.2595102914999982 0.9163706485462361
1305031532.339777 -2.237212370683775 0.28182131328266913 0.31283458587862467 -0.13170267383897932 0.28374613170158136 0.2770137154458441 0.9085185413093907
1305031532.375496 -2.254548645649752 0.27971307256931555 0.3362641447400553 -0.13855552053670053 0.2836842759992534 0.2937046469297745 0.9022544982716583
1305031532.407448 -2.2602600672650937 0.27075839962536896 0.3614707469503608 -0.14600424269727527 0.2786321175417992 0.30714389721218466 0.8981701011467044
1305031532.439533 -2.2541217491687533 0.2568709338961548 0.38374720539792884 -0.15208256130743944 0.27095742350389984 0.315035186114393 0.8967752230654955
1305031532.475428 -2.2588404066556316 0.2538299405025513 0.4045992113052471 -0.13982298303456103 0.26963815981291656 0.30479316705863024 0.9026881640424854
1305031532.507415 -2.2716057280992 0.2469389452233763 0.42143186891255113 -0.12472458495733936 0.27322987428921053 0.30020698497806975 0.9053535109963955
1305031532.539458 -2.2848338072349086 0.2400480012451939 0.4377230466745745 -0.11056540191050448 0.27564373692020183 0.29559367851420726 0.9079758804172482
1305031532.575435 -2.2940997247243957 0.23055731001665425 0.4509510489935792 -0.09790823079977502 0.27687528965339214 0.2934545224856233 0.9097463907890732
1305031532.607434 -2.313883329764197 0.23336844485884478 0.4532498337489142 -0.08611887367313854 0.28096768833156505 0.28923213825822947 0.9110353823586992
1305031532.639592 -2.3262262617036376 0.2440157747346198 0.4535064572501022 -0.07852886430467838 0.2860062856702074 0.2837283758639437 0.9118836717245022
1305031532.707308 -2.341758233625479 0.2340599382473342 0.47710931095530373 -0.0757288112312123 0.3095824842236537 0.28866476028865007 0.9028269428738364
1305031532.740052 -2.3515906989439053 0.23406542058216293 0.4850740877508052 -0.07962907443736168 0.3180036337153805 0.2942500244201301 0.8977470816309114
1305031532.775761 -2.349149016010728 0.22521723172602295 0.5014950724266178 -0.08703252431742316 0.3251426734248438 0.30401850791494056 0.8912240618802086
1305031532.807429 -2.325057817572226 0.20826113923374434 0.5195946339190358 -0.09222646764488063 0.32837338229212504 0.3141114853196157 0.8860017919045564
1305031532.839717 -2.321502829161607 0.20176516506247802 0.5301179859609384 -0.09039876636124285 0.33812143964996144 0.3184391958234236 0.8809644905742436
1305031532.875476 -2.3217539169445773 0.19738275229805127 0.5407769953378019 -0.0870126751448479 0.35183527683800475 0.323417628595863 0.8740948288657772
1305031532.907577 -2.3197049118616264 0.18937429954499022 0.5511553579117006 -0.08557479442625478 0.3635968569895615 0.3328205215368817 0.8658549420024909
1305031532.939523 -2.318211763904858 0.18051063918862295 0.5636621272836497 -0.08391924709598453 0.3729083783465527 0.3434288089439079 0.8578773540041482
1305031532.975424 -2.3024271519787227 0.16401701152252016 0.5771086693743404 -0.07998276152168254 0.37823671917994606 0.3607896004996298 0.8487464911825416
1305031533.007402 -2.2977875000011854 0.15908986865957814 0.5860193696208211 -0.07056034764198958 0.385705656003986 0.3717759157718891 0.8414481877805382
1305031533.039505 -2.2948708976272933 0.15840903923474273 0.5953131690477087 -0.05923078156840285 0.39494357412668685 0.37864748645588253 0.8349475245615611
1305031533.075500 -2.296924232531373 0.15465162319843348 0.5995239016575921 -0.0508645395434436 0.40399866579133853 0.3897709859184233 0.8260002755399265
1305031533.107480 -2.305132180497749 0.16067742293580667 0.6017913049622662 -0.04584447169898648 0.4135967939800964 0.39432182826553597 0.8193572311131171
1305031533.139514 -2.2804522989388754 0.1418566771310613 0.6130849144077952 -0.046812049361190426 0.42180062452459244 0.4095855030798733 0.807547262302386
1305031533.175459 -2.266617905156259 0.12560328715215657 0.6139034629707302 -0.04507977690501759 0.4280612698012749 0.4164890002855921 0.8007922799649261
1305031533.207507 -2.283671613848375 0.12433115824981185 0.6103862563576894 -0.04138844741255512 0.43745903577259443 0.4152170299366585 0.7965622426981286
1305031533.239511 -2.2829898982532515 0.1180216171146295 0.6120098669677401 -0.03957986048114935 0.4463662002510131 0.418865937134473 0.7897733704210513
1305031533.275405 -2.263351615475044 0.09481452041300299 0.608078500765843 -0.04366911396434193 0.45057380860838775 0.42812508007048583 0.7821669689371599
1305031533.307502 -2.272291074795684 0.08280808723210395 0.6051749930803132 -0.039725330261758944 0.4578151794349103 0.42828375237506777 0.7780746667679838
1305031533.339522 -2.2612499169018476 0.06518398655663551 0.5962398817468764 -0.03655423380787005 0.4613976090288877 0.43445120006681764 0.7726759923367944
1305031533.375654 -2.2603738931656663 0.045031490843257825 0.5888048387134485 -0.031264397782590415 0.46823662531735055 0.4369443349871017 0.7673699552793247
1305031533.407483 -2.265074563985038 0.021384897314582794 0.5873921862024102 -0.02664827484332772 0.47431353600320614 0.43815410013639 0.7631104268359086
1305031533.439774 -2.2781996101963107 0.003278368184175713 0.5885999664971561 -0.018235467848785134 0.47860656010078295 0.43932629537534246 0.7599971279765545
1305031533.475654 -2.2823362208720916 -0.011027418588758553 0.5841398421659075 -0.00810227472846595 0.48034767073483203 0.4416760729011014 0.7577088589890639
1305031533.507463 -2.3040468324614576 -0.012704759506297406 0.5806179041223922 0.009025463861086385 0.48630733716849556 0.4451461957427298 0.7518434539410165
1305031533.539640 -2.2991485959463085 -0.03691300108860687 0.5769600220651654 0.011284809938348201 0.48943168031577267 0.45230102642832976 0.7454884739952836
1305031533.575643 -2.3058507699461983 -0.04512882958461481 0.5687421906013681 0.02148185122700685 0.49280065882530777 0.45455624345773665 0.7416634427169759
1305031533.607639 -2.3220464304705897 -0.04739439346879453 0.5627159695062286 0.02901552695522512 0.5008471967813364 0.45394600201150204 0.7363716533989914
1305031533.639561 -2.3306086705899722 -0.058355392779181614 0.5602253611961031 0.031350280147970935 0.5088950192568601 0.45766333956369715 0.7284142275722042
1305031533.675446 -2.34688414463776 -0.06764031412652462 0.5623910024217913 0.032464332178916026 0.5162425161398435 0.4612967313194341 0.7208641046270713
1305031533.707501 -2.3495976548630497 -0.07158742310004554 0.5543986059887752 0.030649087184450478 0.5194893409966559 0.4669087425756465 0.7149739045252295
1305031533.739555 -2.3479322590546077 -0.07479901486622925 0.551029657593467 0.027322701078610994 0.5289862166071452 0.4695459771083232 0.7063664969594897
1305031533.775530 -2.353562733110705 -0.0852471263963676 0.5544601293640039 0.023757353639897293 0.539183240346938 0.4719092876288786 0.697150375261043
1305031533.807707 -2.362048916108325 -0.10150629263194719 0.5710520440149067 0.02052177475835375 0.5496548859967668 0.47617943909036614 0.6860841820419975
1305031533.839329 -2.3574344091872366 -0.1194079166598065 0.5987276562216364 0.022866222453067447 0.5569804335632856 0.4776271283028125 0.6790598344826424
1305031533.875471 -2.365231266320179 -0.15293571870524827 0.6412934297862598 0.031163349685998758 0.5554674038368389 0.47828230114411263 0.6795077993102114
1305031533.907441 -2.3687976930477466 -0.16825880641099744 0.6706982290518045 0.04508911084804393 0.5434138750536475 0.47604924323085546 0.6899604702455389
1305031533.939530 -2.3684734223594006 -0.19458750334336306 0.7106223285909418 0.05854137474529473 0.530852210518708 0.47242893777927863 0.7011274754130511
1305031533.975439 -2.380534850004808 -0.20668321461091638 0.7490953954468127 0.07926227244023451 0.5200781662152791 0.4703645859947686 0.7085148900592959
1305031534.007323 -2.3708343448872733 -0.22075558046087249 0.7721147533031356 0.09129033847914447 0.5053298394143326 0.4610851032616656 0.7236769687146544
1305031534.039458 -2.3559387400069745 -0.2512994257237038 0.7951168652728624 0.1021744916385339 0.49461105344858086 0.45284437693197804 0.7347463843708143
1305031534.075484 -2.355482004808579 -0.2730572672663574 0.8084742690213564 0.11320056093535247 0.4850790753874806 0.44448654866302373 0.7445237616643174
1305031534.107442 -2.33641451896844 -0.2916166700320323 0.8149148365826139 0.12624023475233473 0.4749539212726179 0.43756619203682207 0.7530059783187897
1305031534.139529 -2.3180908494832773 -0.3066863631390475 0.7990847704832967 0.13687872906188198 0.4685344366629637 0.42677689618922754 0.7613154248210237
1305031534.175381 -2.313101478358832 -0.31328306121134347 0.7914598644066513 0.14516394413519723 0.4680966608044598 0.41732304830662464 0.765280614427739
1305031534.207436 -2.3000270798738134 -0.32580127023348004 0.7969529200645242 0.15524375883452785 0.46897285584379866 0.409377856650506 0.7670551520646215
1305031534.239529 -2.3063019348456786 -0.3399187042686239 0.7986404389282135 0.16252562690692346 0.4700930111942357 0.40025283880189083 0.769672428021089
1305031534.275475 -2.311815401735421 -0.3550667441328161 0.8122340857898575 0.16432521408791886 0.4703586205541726 0.3959424008924645 0.7713556943854437
1305031534.307945 -2.304316557776299 -0.3598790432712091 0.8165901635144577 0.16838609745435365 0.46663289363194804 0.39255877976982306 0.7744659251318928
1305031534.339859 -2.2926677269239737 -0.3657115615883015 0.8138335483563599 0.17147638706930218 0.4656369336481112 0.38899245417436745 0.7761848782963047
1305031534.375478 -2.288538349069305 -0.3768286267093093 0.8200644486830524 0.17562138848107248 0.4703612603850224 0.38228532918262764 0.7757417996529042
1305031534.407595 -2.2811040963029883 -0.38135125302663725 0.8150645682146894 0.17910322522328667 0.4740683020452027 0.3756980387022485 0.7759073807007394
1305031534.439543 -2.2689145677588525 -0.39058144013875534 0.8161235161811097 0.1846690132443845 0.4783499204033926 0.3704206942880345 0.7745109543709419
1305031534.475605 -2.2630148465067372 -0.3994553540392113 0.8189305453942085 0.1955005214091689 0.4801491245070168 0.36344274891934664 0.7740450456025417
1305031534.507525 -2.2722537768025974 -0.40729367064731625 0.8245566406983457 0.20020257623961615 0.48067571820573485 0.3580426573624333 0.7750324108727794
1305031534.539582 -2.266839614102585 -0.41576762141899715 0.828690446481466 0.20340260297418822 0.4768836064586281 0.35700211474667726 0.7770192385396523
1305031534.575414 -2.2547368569801254 -0.42042537012709247 0.8283580055172926 0.21089448556335486 0.47020928225975683 0.3542769120323626 0.7803298126026903
1305031534.607494 -2.256357896131252 -0.42256598703091813 0.8327123806268003 0.21693292603482672 0.46535917950190925 0.3492223688387592 0.783852458539187
1305031534.639696 -2.2594152745200273 -0.42415720280907093 0.8393940079526747 0.21967027615931928 0.4582848499608402 0.34638711807727923 0.7885023338574081
1305031534.675511 -2.2547115775536275 -0.4208783064142055 0.8406126267642979 0.22055946982317318 0.4495463788414346 0.34499782855137584 0.7938753503143382
1305031534.707481 -2.2430180274834552 -0.4171858797737091 0.8401136547913016 0.2225619749016412 0.4426614461099382 0.34412439027138997 0.797555901160594
1305031534.739665 -2.2360632743533135 -0.4151045553398031 0.8394901739560998 0.22458873842640895 0.43778723421008287 0.3413825265624054 0.8008496779624703
1305031534.775491 -2.2343351886886267 -0.4110941828612103 0.8403899141152011 0.22345121393036999 0.4351582040690014 0.3367803097555365 0.804540810267232
1305031534.807516 -2.2290458256134076 -0.4104765719379224 0.8444782463612451 0.22452784656586938 0.4322261531577352 0.3335908554068036 0.8071461700534298
1305031534.839569 -2.2253885288346678 -0.4088468060405542 0.845618559019069 0.22754259307945196 0.4273603537223714 0.3307061449073535 0.8100746521904564
1305031534.875499 -2.217369778896112 -0.4102537967454186 0.8446655362483423 0.23123360683399752 0.42169842253693846 0.3252426267113069 0.8141981904120955
1305031534.907458 -2.2167731959717796 -0.40050983341957674 0.8411208858129602 0.23498650068933416 0.4179185959492329 0.3139477583970271 0.8194889850700185
1305031534.939556 -2.202459741532081 -0.39347973636423994 0.8244452448989992 0.2330096817343995 0.4157066716999679 0.3095463566454935 0.8228459785462121
1305031534.975464 -2.190607900116217 -0.3909346885919531 0.8163878751107772 0.23393550522731232 0.42255296754905974 0.304016990613536 0.8211557942484593
1305031535.007643 -2.203124598227796 -0.39628629410775484 0.8232839130925851 0.23811633564947973 0.4313541885668016 0.2948242921693974 0.8187263348943639
1305031535.039655 -2.218354573166707 -0.4016012585851831 0.8341392040614387 0.2423778465428575 0.43425961927836365 0.28794373173411114 0.8183886423481791
1305031535.075490 -2.2304299912769308 -0.3945545175118425 0.8400386997192055 0.24449298206425973 0.42974081177487256 0.28402476796605347 0.8215083369012348
1305031535.107796 -2.3499658114139357 -0.28256632725986597 1.0154413262843944 0.29337283430118816 0.4337540612630112 0.2906720357083928 0.8008118144040299
1305031535.139465 -2.356857603178092 -0.2824260991879362 1.0204641624638722 0.29635244646546277 0.42986450273956744 0.29283930725762214 0.8010223947451655
1305031535.175406 -2.362028632362488 -0.28733690963361364 1.0219584685666294 0.29924929700435193 0.4210493169495582 0.298167174383944 0.8026603684364955
1305031535.207514 -2.371516513571755 -0.2909840784074585 1.0307748936139087 0.29959868644017357 0.41128895370050805 0.2982277998297979 0.8075532199526829
1305031535.239511 -2.371656804402481 -0.2945510843579898 1.0313832618777137 0.29767122748690567 0.3989232170073679 0.2989212228479865 0.8141856113872316
1305031535.275537 -2.3676844499629848 -0.29370079787344966 1.0311146393064794 0.29809520689440017 0.3862982498356876 0.2977226464896591 0.8205328363738206
1305031535.307409 -2.365902136037722 -0.29210552071452595 1.0276490632158835 0.29699364575491 0.3763704359905532 0.295138962387864 0.8264581430260743
1305031535.339468 -2.365094900330955 -0.29464136400570834 1.0292066847428398 0.29594106406168713 0.36831484164748557 0.2928352724669942 0.8312704537173263
1305031535.375492 -2.3702596785855015 -0.2979076065784244 1.0331728108200742 0.29501131803893677 0.36022735501330083 0.2880326182370092 0.8368045086880138
1305031535.407712 -2.3810961240657087 -0.2997030359899014 1.0438124179184816 0.2940650635452458 0.3588117817290755 0.2774631569287744 0.8413049626869316
1305031535.439618 -2.3793590475706035 -0.3025069535384861 1.0468317855848475 0.2946412847183541 0.35240895786592574 0.26963293107242137 0.8463406655931573
1305031535.475595 -2.377558285142115 -0.3043848864611092 1.046203476480143 0.29725044195661765 0.34594710674208323 0.26010633459083804 0.8510625528121303
1305031535.507701 -2.3789733158153665 -0.30933452700913716 1.0459440233455812 0.30030139992718524 0.341201300282658 0.2484733158466504 0.8553722892398201
1305031535.539515 -2.3762631046420077 -0.31301207798838815 1.0396715764257416 0.3035520731346812 0.3368909712258028 0.23796124956250697 0.8589150459206232
1305031535.575567 -2.3784743274078006 -0.3177077255798785 1.0333907884314129 0.3037952305553044 0.3365835253663706 0.22916573946259827 0.8613379430864284
1305031535.607524 -2.3827308336318875 -0.319325509674995 1.0321493500216414 0.2995644157073264 0.33817163997231087 0.224492585665215 0.8634258403254536
1305031535.639591 -2.383207268606089 -0.3149365254999898 1.0346070762011197 0.2988082648703323 0.3397161313215421 0.22161400129156564 0.863825101161486
1305031535.675500 -2.38980111381066 -0.31503643550047755 1.0393226354340654 0.2963167983621825 0.34093622839720655 0.21998860885301424 0.8646177508874036
1305031535.707524 -2.393938095904055 -0.3055943199221594 1.0434281612120642 0.2922295902724822 0.34000372521962813 0.2219701686657588 0.8658686838247766
1305031535.739708 -2.3904235577985715 -0.2947729255649084 1.044482968729626 0.2876104918518373 0.3384930482665336 0.2249728503701512 0.8672311559488088
1305031535.775437 -2.396188788052627 -0.21432583764628987 1.1090650267216524 0.30405848515687106 0.3498087468777609 0.20053457291179932 0.8631153823672737
1305031535.807496 -2.3916139785369177 -0.20286437934288898 1.1089534377434824 0.29780295090111686 0.3503669180472464 0.2057466504602164 0.8638430071471702
1305031535.840053 -2.3855729362540177 -0.1884150564825161 1.111237878031499 0.2973907495778079 0.3499072433391415 0.21200867383006863 0.8626563541440885
1305031535.875502 -2.3848132291990756 -0.18498547685710093 1.107794079008855 0.2917495435863452 0.3498326878199167 0.21944909293235554 0.8627522181721826
1305031535.907487 -2.3727520741369084 -0.16946786065393837 1.1018058593697109 0.2893729213645104 0.34914760679540974 0.22453703967964286 0.8625209440134843
1305031535.939747 -2.365857633690018 -0.15863644973064667 1.092918851402168 0.2843581306746867 0.35237870498187485 0.23259476386881406 0.8607376938506344
1305031535.975512 -2.363083590282865 -0.1468204964572631 1.0884192291639998 0.276747472787167 0.3576659141181523 0.24100320031446673 0.858721950122466
1305031536.007462 -2.362831972614395 -0.13676400001644673 1.0876548062353177 0.26603743133295615 0.3630813476431134 0.2509742443942647 0.8569760491251517
1305031536.039667 -2.356316511640063 -0.1264711484641281 1.0835034724820665 0.25529311464036264 0.3674246572900247 0.26280033889439913 0.8548453244356681
1305031536.075538 -2.3553836952963483 -0.1175039029788115 1.0790509910453379 0.2441438921462815 0.37280667519797234 0.27515572671463234 0.8518792572375763
1305031536.107579 -2.3537153347847757 -0.1057397884930966 1.0756731791099146 0.23151457422230734 0.3785117654203228 0.28735588197367135 0.8488559609593322
1305031536.139540 -2.34609933033525 -0.09242443527049285 1.0739182736776707 0.22108987969604432 0.3855425053527518 0.30090346031645476 0.8437614290970519
1305031536.175699 -2.342776304064921 -0.0840545304914659 1.0724380375273819 0.2103012851936128 0.39394930570909154 0.3146491556167775 0.8375996793498026
1305031536.207474 -2.3468856242475726 -0.07646174818734475 1.073262552865119 0.20087462457957214 0.4046937794827085 0.331398940500138 0.8282795858183436
1305031536.239482 -2.349676989967108 -0.07711673084276341 1.0596534163847526 0.18682263753251815 0.41491814172981917 0.35050414711744987 0.8185884684151984
1305031536.275618 -2.35056924599792 -0.07157655310062556 1.0611699313395349 0.1777625742003842 0.42663838257520253 0.3693746234664015 0.8061901421292166
1305031536.307472 -2.348002550736686 -0.06399808098517712 1.061240228011735 0.17116978366413513 0.4381208558570379 0.38690835828949355 0.7931285791781827
1305031536.339530 -2.350688127529288 -0.05374592803637338 1.056464329645619 0.1656049016720548 0.448150908076386 0.4031937959968867 0.7804937815268774
1305031536.375786 -2.3522972881883457 -0.0476747778041213 1.0539311699569311 0.15945018152112225 0.457823525243816 0.4200653408920766 0.7671495087187598
1305031536.407665 -2.346991031043145 -0.03979322060101214 1.0499275453740144 0.15571328270149765 0.4669227905750793 0.4359125007226411 0.7534698221864246
1305031536.439546 -2.354059412770193 -0.028003206172152576 1.049681853873079 0.15356617399162095 0.47642906353246545 0.45000804101333536 0.7395441438146194
1305031536.475492 -2.3562433972888708 -0.01723475376315858 1.0462292073864523 0.14878956247343597 0.48266799872788413 0.46146349552647564 0.7293453992447434
1305031536.507648 -2.3553464150855454 -0.013713749277124723 1.047302570621469 0.1445212559866005 0.48799245733864305 0.4718186662366715 0.7199750789710028
1305031536.539583 -2.3591017048877707 -0.007940764418631632 1.05227767685416 0.14347867342511306 0.49171009561195345 0.4792753744196775 0.7126921969688854
1305031536.575660 -2.3620335165097237 -0.0021362600376328093 1.050383099481974 0.14192170522001255 0.4889547501555802 0.4871200353179184 0.7095742054779144
1305031536.607624 -2.3623529001834562 0.006382494459612149 1.0463238226159188 0.14257787460103186 0.48671082320742887 0.4952767690154199 0.7053261985214013
1305031536.639838 -2.370441676315392 0.01498292506601137 1.0489178722731785 0.14385450524218654 0.4869342514713528 0.5015879033655787 0.7004359294488596
1305031536.675456 -2.3759953768832274 0.02235436171948157 1.0474634468897497 0.14269731398306082 0.48179327166147823 0.5080780128073142 0.6995494642021572
1305031536.707472 -2.3764871161419716 0.037417846773436715 1.041760566006102 0.1428289860029332 0.47513065827551587 0.5122292269995823 0.7010506096791195
1305031536.739722 -2.377924216179105 0.05093905851651382 1.0327352728068124 0.14010503966757779 0.4725026348267719 0.514141875482355 0.7019757615594693
1305031536.775321 -2.3791079798989387 0.06331286360063801 1.0329733236294658 0.1389359902941386 0.4758472129350574 0.511813675898845 0.7016501847116148
1305031536.807301 -2.3845132315101485 0.07140889707519515 1.0384533831709082 0.1369354231609773 0.47866777141185074 0.5052399913672686 0.7048818380541128
1305031536.839527 -2.393617767512472 0.08255270814316662 1.0339732948490243 0.13426856244675894 0.4768694417591974 0.502345219075934 0.7086725404065758
1305031536.875419 -2.3960530735611605 0.09212883791181377 1.0279591573402072 0.13059904482192988 0.4749104201976599 0.49984042291650854 0.712434933097706
1305031536.907491 -2.3923856422039234 0.10530983680888874 1.0165009789737367 0.12648907858193909 0.47286578913121624 0.49302552440643943 0.7192525917593658
1305031536.939530 -2.3970119502817684 0.1171937032367175 1.005271169040945 0.12317225758531694 0.4760730959079809 0.48632115922734903 0.7222705396191232
1305031536.975375 -2.4023482629154325 0.12629844490675493 1.001084681362594 0.12158764439469685 0.48189875341756455 0.48058161395081134 0.7225173690075448
1305031537.007412 -2.4071052710525263 0.13671763450772662 0.9920523308982503 0.1206361874285727 0.48427674785535907 0.47390101742331403 0.7254934647910264
1305031537.039427 -2.417648203720288 0.15027464348046715 0.9792021184375321 0.11914846766863828 0.48650690959378134 0.4681248965084721 0.7279929607068059
1305031537.075341 -2.423599997750853 0.1603779274548652 0.9707003340375469 0.11675672074779239 0.4887055034811882 0.46349647431177565 0.7298669860515538
1305031537.107337 -2.4241909662391654 0.17353652302138062 0.951249033920531 0.11354738550892737 0.4859501832438914 0.46061754116940673 0.7340237676099939
1305031537.140656 -2.4232437979340378 0.18844964969529668 0.9334213581706502 0.11079057128066798 0.48693711689794894 0.4552367112267391 0.7371412552922839
1305031537.175377 -2.4251051180258485 0.1998100745442949 0.9191399198434775 0.10826141889139379 0.4892729011015626 0.4475187159588468 0.7406878507804977
1305031537.207445 -2.4285532349496135 0.21002083244618597 0.9025702031932259 0.10545198101739205 0.48884866776367153 0.44090494377673284 0.7453252245016482
1305031537.239415 -2.4294939414595143 0.21997495902209313 0.8873966386163084 0.10361677617527279 0.48824831507735184 0.4326158444102967 0.7508133441038067
1305031537.275504 -2.4348030471617497 0.2327809670965757 0.8675671452631383 0.10225156300318194 0.48527618419059776 0.4253482112895858 0.7570538567853503
1305031537.307646 -2.4356254215462827 0.24388997916168279 0.8485258801497779 0.09959666426958189 0.4826560886938036 0.41788599190831915 0.7632135364889543
1305031537.339718 -2.434982500219758 0.2525306465549726 0.8309099140265623 0.09749013928921005 0.47940844066897237 0.4102450458667483 0.7696507143493788
1305031537.375388 -2.4345446538993727 0.26081336821564416 0.8131168725087864 0.09596123668166073 0.47541604706474605 0.40042115898809716 0.7774534832917602
1305031537.407396 -2.4410013171707314 0.26924189157478406 0.7976528005330253 0.09555075617169619 0.47130753512550855 0.39121614490661577 0.7846586444393159
1305031537.439649 -2.4454019993813993 0.2745422061506931 0.7823472693472295 0.09323705381582466 0.46482003219005946 0.38322775959675487 0.7927078110786051
1305031537.475520 -2.44349099949935 0.28238842240524065 0.7647169062813014 0.091424397299996 0.4558486201447181 0.3730683802986487 0.8029094586015514
1305031537.507492 -2.4460866904581797 0.2934826667557537 0.7469210795595328 0.09004290254193267 0.44890108324247663 0.3617876524357755 0.8120897657959804
1305031537.539497 -2.451328533835125 0.3057075240874655 0.7277432825091462 0.08661894206418938 0.44296609738619896 0.3533895648176553 0.8193863624201427
1305031537.575529 -2.442477934884528 0.3118166052883612 0.7126667087301125 0.08334245337305357 0.438455379947097 0.3474775017355396 0.824663750293924
1305031537.607507 -2.434126850892802 0.3115620952155176 0.6988937426913706 0.08310995128573553 0.434714558504411 0.34403937916096594 0.8281019829756108
1305031537.643442 -2.432660229069579 0.31077258102549726 0.6884425993460258 0.0852636544372799 0.42932511161837233 0.33978818008121847 0.832438616621652
1305031537.675306 -2.4297338039512915 0.31612821769267335 0.677240256363088 0.08892059786940243 0.42381673911360307 0.33015921969303247 0.8387296278142032
1305031537.707483 -2.418294174133507 0.3215775253712806 0.6550480571913923 0.09286787116192645 0.4177170619670236 0.3219331047943724 0.844539573190593
1305031537.743426 -2.414423246651569 0.3283578536057524 0.6369106881699776 0.09608099449003495 0.4157829768125129 0.31016451053600863 0.849523946157313
1305031537.775469 -2.4069303027797386 0.3322066909060976 0.6223655024653676 0.09980212639535964 0.4143419615714418 0.29852730878410405 0.8539565096409878
1305031537.807576 -2.404411422356617 0.3378206975493969 0.6063373224783584 0.10455020946335514 0.41170785312188063 0.2905022430816713 0.8574230835144698
1305031537.843458 -2.3989720363268834 0.34319348605701877 0.5909232250791073 0.10793761164066687 0.4067946748900233 0.28262990167666824 0.8619674606112862
1305031537.875571 -2.38529449892607 0.3508829495502113 0.5705543371990366 0.11077591038400157 0.40030108030366723 0.27355028668950293 0.867558634006029
1305031537.907514 -2.3799358820546934 0.3619716251433273 0.5530386110006978 0.11292692151372673 0.3977454153563626 0.2648287397830595 0.8711554588851218
1305031537.943469 -2.3787991413962306 0.37369161724158284 0.5411589607349395 0.11341176212966149 0.3968780228775003 0.2558840163303673 0.874156151585136
1305031537.975426 -2.364511743551498 0.38071819626372855 0.5251564300086482 0.11158658252544582 0.39235402484492654 0.24935238144682495 0.8783109606825359
1305031538.007529 -2.350246995643927 0.38860254727205806 0.510594057377576 0.11224070477703606 0.38975811745018957 0.24326918624335436 0.8810849772282684
1305031538.043452 -2.345863198114686 0.3967026678613079 0.49367807018705956 0.11118143941302572 0.3857179051806112 0.23971331920265349 0.8839671429131171
1305031538.075565 -2.3247296527948733 0.39831436445531887 0.48196553247513985 0.1098530592143187 0.3789511123398006 0.23714348976599292 0.8877450788933121
1305031538.107629 -2.3123412228976727 0.3943400953303507 0.4764475232136501 0.11264684832492501 0.37330280266497295 0.23650308740057593 0.8899561757384103
1305031538.143487 -2.303796076649941 0.39859172917190056 0.45662232442630946 0.11778218919010097 0.3611718222833431 0.23876373404744466 0.8936857109755313
1305031538.175565 -2.27908036563321 0.40024321172723465 0.4386398933469069 0.1200404589430399 0.34849835217800457 0.2344477144230033 0.8995406916575776
1305031538.207697 -2.2505279910290175 0.39374712580737425 0.4209003800440561 0.12290916173149972 0.3406232534985403 0.22680690472644388 0.9041171191316655
1305031538.243517 -2.2358628299795265 0.3901826649123165 0.39876456814488825 0.12931927630445436 0.3374253304765068 0.21911944544080683 0.9063152540692607
1305031538.275489 -2.2187793400005478 0.3884410045724611 0.37697363149819724 0.13452805002105866 0.3315982695461738 0.20879502107974812 0.9101370394417675
1305031538.307386 -2.203498543410512 0.379149632797544 0.36183284845337144 0.14059617457511261 0.3277241386658359 0.1980228520466432 0.9130260427270935
1305031538.343413 -2.192648913574718 0.37508661073558464 0.34453390579225596 0.14859926521199585 0.32237671639982163 0.1864445569686741 0.9160949395551105
1305031538.375553 -2.1845951099928866 0.3726577446505357 0.32654511695955846 0.1555351668732264 0.31713274309669853 0.17780965576802873 0.9184875401644484
1305031538.407511 -2.172270354059996 0.3722742449204415 0.3096895945243932 0.1641764785523593 0.31085469891463335 0.1715330009462231 0.9203216120678824
1305031538.443598 -2.164984586142886 0.3754466770026963 0.2956194801541191 0.1730641012917182 0.30336266623878555 0.16501683880763218 0.9223824328804858
1305031538.475570 -2.1551175920826173 0.3830502137047061 0.27998668437536706 0.18128393300691018 0.2930966438819131 0.156266320294469 0.925641037400749
1305031538.507548 -2.153884643678812 0.39482188731754986 0.2629772396691162 0.18617837206825955 0.2840619562722267 0.14896852767695673 0.9286844440037592
1305031538.543450 -2.1456303582245835 0.41007035060459784 0.2446290473566331 0.1870716839420616 0.2734587946113524 0.142641407578621 0.9326724513787145
1305031538.575524 -2.1332330750834263 0.4285721649584072 0.2293727625120935 0.18528392036475966 0.2643687645071502 0.13503568525479395 0.9367733925101629
1305031538.607517 -2.1254012815343546 0.4543505966306974 0.21371543173333585 0.17888636164953384 0.2586434343217624 0.1270941765423701 0.9407179778164422
1305031538.643479 -2.1009984111591917 0.46670114134462376 0.2055013083033325 0.17165747078728338 0.25536477805101243 0.12281595324810121 0.9435246602403317
1305031538.675433 -2.0940109722626934 0.49052807926111486 0.20057499572402324 0.16998555070331128 0.25286561429190985 0.11699664522962792 0.9452384242432607
1305031538.707490 -2.1001980884972378 0.5194281218549932 0.19359933619664615 0.16332488959826805 0.2485272569080927 0.11419187737284907 0.9479026311565547
1305031538.743572 -2.0854881674324535 0.5398346467071055 0.19235350497548587 0.1493043435629163 0.23714636942380843 0.11595063788137942 0.952903595353306
1305031538.775491 -2.0709317445334516 0.5517583554560188 0.18255733740329141 0.13437940380629523 0.22677505762596328 0.11898618164981603 0.9572656567786214
1305031538.808089 -2.0621247175763004 0.5654147162618228 0.16665250708009516 0.11732244095232953 0.21898698488109952 0.12187239427810313 0.960951229155048
1305031538.843518 -2.0495376855992937 0.583532288877795 0.16142143584207747 0.09960293715866392 0.21582214665415353 0.12018798114681921 0.9638749426719293
1305031538.875656 -2.0256735614471983 0.5928270810839597 0.1476925107224646 0.08222554840103657 0.21160174856218422 0.11887082810407984 0.9666092206374967
1305031538.907498 -2.008891863477108 0.6051180951564278 0.1331565121444108 0.07031310592611056 0.20980970144552338 0.12350244645373057 0.9673588279611193
1305031538.943414 -1.9945080614378814 0.6151259772451718 0.12126086785865203 0.05711267495087957 0.20892007495419157 0.1280271676596253 0.9678324178194009
1305031538.975507 -1.9750061397948107 0.6232464285644626 0.10893622911124823 0.04527089882514741 0.20742932452414498 0.13020165109112986 0.9684891073730086
1305031539.007520 -1.9561638146113145 0.6342692031005014 0.09508461372707198 0.03540248523753775 0.2062010022787021 0.13123687295972922 0.9690225455963445
1305031539.043445 -1.939182255271442 0.6495610231516312 0.08158791668724626 0.02763160864506875 0.20607596319696397 0.12677181633249934 0.9698959213131538
1305031539.075515 -1.9197751463104624 0.6587699224811585 0.06844059498252208 0.019296973022418378 0.20543362047351754 0.12469788564188312 0.970502494446955
1305031539.107503 -1.9025402696404985 0.6741580139304688 0.05315735392337422 0.01094934776679606 0.20343365151841303 0.12140397572071532 0.9714710164964129
1305031539.143607 -1.8804978727366977 0.6819096105956866 0.04167956683796191 0.0002366749045513639 0.20088362319817782 0.11810726353938028 0.9724692222456217
1305031539.175587 -1.8623027243081698 0.6958537023843292 0.030326311080741138 -0.009052639439884175 0.1968042063637488 0.1136953194917941 0.9737861820761107
1305031539.207601 -1.8464164995703052 0.7108133279176359 0.019136873899507564 -0.021104071474429296 0.19058486037773067 0.10964390118952456 0.975300078998227
1305031539.243449 -1.8249786538535997 0.7188676911994765 0.0124935433635684 -0.03734332568028345 0.17860718432672176 0.10572079192641592 0.9775111579355353
1305031539.275652 -1.7983356739209213 0.7266637673783938 0.003738337670642399 -0.05211640486958321 0.1655968622026852 0.09944708777156369 0.9797815247828734
1305031539.307521 -1.7715170712822483 0.7419026237365329 -0.01096182090910562 -0.06685549902611876 0.15496829505337897 0.08989651053078404 0.9815466301570237
1305031539.343842 -1.743321985798758 0.7534776439135474 -0.021876919875728137 -0.08595584429937064 0.14740236895285672 0.07542661405373421 0.9824433624134576
1305031539.375556 -1.7164133980816423 0.7609083591132205 -0.030224895509533806 -0.10496694397849302 0.14381490503304045 0.05800179661071414 0.9823110532576154
1305031539.407846 -1.6940068582173957 0.774699928502059 -0.04123005791094146 -0.12206507567778471 0.14303048006086067 0.0416248144789606 0.9812796614079656
1305031539.443431 -1.6720280111469814 0.783080683097433 -0.0476015038384819 -0.14067807294943918 0.14205244425425492 0.029218333824652064 0.9793758583103518
1305031539.475605 -1.656399412839812 0.7811418032635364 -0.04930240978380083 -0.154634543534073 0.13904467377277213 0.020601594459091765 0.9779214237080494
1305031539.507506 -1.6376233170864645 0.7834437902174399 -0.05702372336010812 -0.1635674076868617 0.12890597298429154 0.014560272561733279 0.9779657211449202
1305031539.543459 -1.6149411124039617 0.7849798973525042 -0.06902326267067141 -0.17160706491710068 0.11747284754645608 0.009609572761595356 0.9780893627226541
1305031539.575448 -1.592493168557205 0.7821553168396479 -0.07916448138869889 -0.17632087227451024 0.10858730462653994 0.003561193430928592 0.9783184886199633
1305031539.607559 -1.567834858868432 0.7741605396303313 -0.08890749514427485 -0.18028695157977714 0.09933282280777461 -0.004973918273459536 0.9785728718598949
1305031539.643437 -1.5433866592099992 0.7737060882786938 -0.10363674106970602 -0.18086824278281483 0.09134256927981015 -0.01964359892470357 0.9790594174059652
1305031539.675458 -1.5182737565706639 0.7682891870385548 -0.11303104162412934 -0.17941995046315395 0.08500433651042115 -0.03444230126319047 0.9794878621166886
1305031539.707426 -1.4974257289056856 0.7610706176774558 -0.12076995347800941 -0.17664490881346537 0.07939098204454086 -0.0467764478873673 0.979951841716382
1305031539.743465 -1.477456187847201 0.7609010616266754 -0.13132619069233026 -0.1731458914541469 0.0715435549611585 -0.05904458605403039 0.9805181063467313
1305031539.775488 -1.4559285793277437 0.7601180907890631 -0.1425687934808478 -0.17230681627709754 0.06310066683625237 -0.06874667526143774 0.9806133598670642
1305031539.807653 -1.4324504091646835 0.7576034422427677 -0.14645350135678922 -0.1715650708874649 0.053119982819145574 -0.07903346758181438 0.9805597405964974
1305031539.843466 -1.414690945135019 0.7608569728206765 -0.15152645234446563 -0.16872387443357986 0.041338683718658904 -0.08984964007616765 0.9806887424676171
1305031539.875593 -1.3894772520548178 0.7618025416604066 -0.16020644935058448 -0.17006448585436187 0.02677347355716919 -0.10036384630731193 0.9799430341194227
1305031539.907642 -1.362913909014594 0.7632864314847284 -0.1657269139938734 -0.17272550310432142 0.013435260491021252 -0.11288481193811443 0.9783876601769858
1305031539.943541 -1.3313528071953509 0.760664531782534 -0.1708454865377344 -0.17846259307951173 0.0010014508241320403 -0.12771906845882877 0.9756218219779607
1305031539.975883 -1.305301947479531 0.7537498963466239 -0.16797646576962644 -0.18050226403668646 -0.004161730126064606 -0.1398072125752652 0.9735787364111471
1305031540.007422 -1.2822988158307855 0.751099169234769 -0.17003108483351528 -0.17819740214816154 -0.007234013325426632 -0.151220909656684 0.9722785564854663
1305031540.043468 -1.2566573951091724 0.7523668944358524 -0.16914687617536456 -0.1710330763269731 -0.007598575909684653 -0.16204811928311988 0.9718180670696978
1305031540.075632 -1.238032217672089 0.7463870919510676 -0.16316138036056838 -0.16011314196035592 -0.005312956847709099 -0.17222135310101788 0.9719441135153681
1305031540.107421 -1.2139652484425694 0.7549284120213433 -0.16755445035631458 -0.13898230727899957 -0.006307813320097793 -0.18264994533941145 0.9732847102580199
1305031540.143443 -1.1936991292916788 0.7529404992853118 -0.17135484536488027 -0.12460946490806639 -0.0006077249744014465 -0.1821944397708487 0.975334454452559
1305031540.175595 -1.1764998385540957 0.7502677444218496 -0.1734048799836787 -0.1076030055650478 0.008224653935966632 -0.18241688302116738 0.9772809366041306
1305031540.207411 -1.163581769226757 0.7409829304220351 -0.17662324744238025 -0.09233464372190273 0.01822135423071637 -0.17831093225441572 0.979462866706703
1305031540.243496 -1.158182526884068 0.7307305786813159 -0.17783054094074652 -0.07599073292888792 0.021590371691176533 -0.18108692846820187 0.9802891352540448
1305031540.275604 -1.1479830629221424 0.7238993825218484 -0.1893614401254826 -0.06054658038301216 0.019205165786815137 -0.17776160088105783 0.982021428718962
1305031540.307411 -1.1250708074245153 0.7030316230382208 -0.19901164009945743 -0.05501414674162542 0.009925443679236437 -0.17411737802524074 0.9831368510516124
1305031540.343456 -1.1110619014067642 0.6702446954894585 -0.20452931488461698 -0.05314460535493601 0.008033146782788988 -0.17579322896264454 0.982958727579813
1305031540.375438 -1.092392002680194 0.6668140968494792 -0.21291327408241442 -0.03536709840818783 0.014093857194092212 -0.16768193071035037 0.9851057312049456
1305031540.407504 -1.0856737435692951 0.6501346228766607 -0.21462712686038132 -0.022737467882679354 0.02039136079167892 -0.15763708962388134 0.9870246946932298
1305031540.443453 -1.0739787208589675 0.6436139615936075 -0.2264108298882827 -0.007539783022093831 0.022216782680403283 -0.14853631691832098 0.9886286101442013
1305031540.475476 -1.059458381749554 0.6284961750434161 -0.2327039259973002 0.005019858489629206 0.023864340977706157 -0.13552743754991006 0.9904734261562005
1305031540.507525 -1.0462614016746368 0.6189331334090954 -0.24269613189089453 0.020723186273885644 0.025128477917866827 -0.1257938130764422 0.991521570990708
1305031540.543427 -1.0218309352695472 0.6139950071687825 -0.255647062624079 0.03480681726021341 0.024794287906337156 -0.11811853588832115 0.9920795029830192
1305031540.575635 -0.9939539383587709 0.5962667197624679 -0.2609635897577417 0.046800090024400824 0.028419219613711078 -0.11198478775497442 0.9922003360419367
1305031540.607508 -1.902748569173574 0.7732971273472848 -0.0729582650822552 0.09615512004565394 0.26116455968512053 0.0670505061049075 0.9581500379818193
1305031540.643443 -1.8832464416017338 0.777490950237466 -0.0969841043842578 0.10325183899956825 0.26789202381562305 0.06967560819030408 0.9553628791943358
1305031540.675895 -1.864274935320001 0.7763545319941093 -0.11199646957623977 0.11094643950376479 0.2800978775221728 0.07421757766018756 0.9506460002205176
1305031540.707442 -1.8471193743827348 0.7790926554275762 -0.1333531407481854 0.11869071928756597 0.28975064147182217 0.08118588297103142 0.9462377773730474
1305031540.743545 -1.8247500386162583 0.7827560033267291 -0.15603668696253595 0.12288838988957339 0.299070135103481 0.08831612882078724 0.9421548489020511
1305031540.775513 -1.7987070180686116 0.7814932968189203 -0.17620866541572272 0.1270140082663768 0.31101426685891503 0.09400419600699428 0.9371770263122127
1305031540.807495 -1.778437344358688 0.7863200700239539 -0.1998098683037165 0.13159803488512783 0.327055521983019 0.09951830774309656 0.9304905959646992
1305031540.843557 -1.7552747799648565 0.7907364466375058 -0.2232747284906581 0.1340333745425411 0.34303337936592365 0.10736646390812347 0.9234909840260499
1305031540.875472 -1.7310703722160148 0.7967372586608249 -0.24182872443400313 0.13868432880204626 0.35705927131890103 0.11561801968282764 0.9164648423341542
1305031540.907447 -1.7131041484758616 0.8102247241947178 -0.25843115143862877 0.14556094265394598 0.37168969429831505 0.1244171535530643 0.9083937224727371
1305031540.943442 -1.69916346751454 0.8154223606517075 -0.2719123862117044 0.14920888992423814 0.38711485515918476 0.13429115949793136 0.8999137072871845
1305031540.975401 -1.6894977410378218 0.8146242486204258 -0.27761904197984105 0.15389644282478515 0.39944976707905483 0.14582999401344957 0.8919021141988659
1305031541.007473 -1.6789083279957746 0.8145470220701158 -0.2834055107241311 0.16193018057932448 0.4099854663891781 0.15322447486254362 0.8844279474724306
1305031541.043464 -1.6759949851237703 0.8150848635574816 -0.2899808205501549 0.16917806831350074 0.42127446403223595 0.16208809348749048 0.8761472804875094
1305031541.075485 -1.6711567498464215 0.8126612722447847 -0.29123902705791604 0.1787535584043325 0.43042073611830156 0.16965613255990375 0.868332857815474
1305031541.107513 -1.6692086000666535 0.8136189247798735 -0.2934178294874776 0.18517463389838232 0.43602569546660014 0.17362572339027862 0.8633921797368062
1305031541.143507 -1.6630905546051171 0.8152773277658217 -0.301731387478985 0.18778956750300355 0.4413227953849093 0.1769179157608828 0.8594587364693623
1305031541.175472 -1.659145283842284 0.8144279117252516 -0.3009995240019751 0.1929402887314673 0.4500991012753911 0.1801229201658244 0.8530771229181113
1305031541.207454 -1.6626687661668442 0.8136239240947918 -0.2932894783571847 0.19454405939934255 0.4552245086184129 0.182577291341146 0.8494638240632048
1305031541.243593 -1.6600979937919733 0.8117762032872949 -0.2905231669149683 0.1913155015568793 0.45322741376622616 0.18644296331915677 0.8504247830958319
1305031541.275691 -1.6578249986429023 0.8108245013016983 -0.28562644124345 0.18886029559574305 0.4491334933031277 0.191130259204443 0.8521033493404798
1305031541.307436 -1.652668517481008 0.805629128778404 -0.28129859129646273 0.18508551277267316 0.4420858265825326 0.19528277800841926 0.8556682251374266
1305031541.343493 -1.650048928555306 0.8031106779235849 -0.2730058513232994 0.18191105102948082 0.4330900055584284 0.19559931968388525 0.860861384160049
1305031541.375507 -1.7441087060976233 0.8323377143184144 -0.15600192249253694 0.16238458762055957 0.46735244818835187 0.1333711464801764 0.8587345760840317
1305031541.407707 -1.7386570586163164 0.8287950101864566 -0.15323354780417694 0.1553263431365387 0.45671410618184766 0.1321580436965604 0.865921592194494
1305031541.443699 -1.7337651931761373 0.8231642839420837 -0.14777558765694182 0.14817439714388908 0.44632261950806956 0.1274808362919034 0.873263478982615
1305031541.475389 -1.7299420967443326 0.822922749517553 -0.14080528608994577 0.14251670899444965 0.4358190957884675 0.11890652191924099 0.880688334456967
1305031541.507656 -1.7282742405754532 0.8187932217836996 -0.13357064474045333 0.1316633951644052 0.42417504990201427 0.10977317046518596 0.8892075845720334
1305031541.543489 -1.7278989912071794 0.8158451629707683 -0.12371075934342002 0.12227935279453875 0.4140889471200031 0.09975775051393153 0.8964521710418241
1305031541.575608 -1.7267401743254747 0.8094312147143955 -0.1162104620991618 0.11105819766234179 0.4040368134925747 0.09072726839081438 0.9034317311480172
1305031541.607431 -1.723121767896331 0.8022869813189294 -0.10948007293527179 0.10049237090175402 0.3903697182671057 0.07920400405649991 0.9117233638511335
1305031541.643543 -1.721625704755096 0.797876371358099 -0.10082218888548751 0.09163587470474478 0.3765499255447902 0.06629651412473254 0.9194660364876028
1305031541.675424 -1.7158125610858372 0.7929770779896962 -0.09694737469096731 0.08160326854801103 0.3605408745948268 0.05165786161450564 0.9277298365591669
1305031541.707418 -1.7121114316896011 0.7894432805964644 -0.08988270433257152 0.06993904517245952 0.34619041707556947 0.03354208864469156 0.9349522198351972
1305031541.743439 -1.7117198908414362 0.786789276494513 -0.08028015275744464 0.056913193424491366 0.33301235412681196 0.010776704050640563 0.9411416062755665
1305031541.775415 -1.7053938130063342 0.7873803012459615 -0.07766187953934106 0.04113107138627269 0.31790495403255825 -0.01736097134025588 0.9470708906107824
1305031541.807470 -1.7036390728141397 0.7885460905300733 -0.07249539317786625 0.023138294920657537 0.309818197058445 -0.04539577426268549 0.9494295801999819
1305031541.843441 -1.7122836054242476 0.777443090231225 -0.0571084256727507 0.0021220772833875764 0.3026376983039155 -0.06934424507938564 0.9505773487874014
1305031541.875438 -1.71766270686847 0.773673683745937 -0.04335379723234661 -0.007842313426680925 0.289498210614561 -0.08996160925981003 0.9529093309599154
1305031541.907570 -1.725322034442582 0.773504257907064 -0.03198388554009624 -0.015427228977379012 0.2739340924159804 -0.10354822419079285 0.9560334088750503
1305031541.943524 -1.7329808436603864 0.7721419861451149 -0.01652412112550114 -0.02126405605159059 0.256200135855326 -0.11090813107019327 0.9600045399738836
1305031541.975524 -1.7424099468692378 0.7682527621007147 0.0010978444361429522 -0.02380385581673724 0.24055191942737839 -0.11384231427998368 0.9636431279199997
1305031542.007694 -1.7513776006043615 0.7725610373322815 0.012778960155987264 -0.022869940187017067 0.22268301068774846 -0.11500252029975039 0.9678138575736511
1305031542.043489 -1.7472018812817545 0.7676868796573111 0.017976968685394692 -0.025194640991286953 0.20058300137534815 -0.11815136543313304 0.9721995394315238
1305031542.075555 -1.7318680478592638 0.7627211762902213 0.017543725015112047 -0.027968882152777225 0.1840826781347581 -0.12426195483072021 0.9746231455406292
1305031542.107416 -1.7081019147732208 0.7622416120129007 0.010339611381392735 -0.029692067828117178 0.16762984837800649 -0.12613348354178366 0.9772967611582857
1305031542.143525 -1.7053519234577847 0.759106364288762 0.01824687517015148 -0.03713095915340874 0.1612117237756102 -0.13523809056166713 0.9769046682511462
1305031542.175524 -1.7092665261232103 0.767487178648871 0.029422615533813007 -0.03588373779538743 0.15727622276512387 -0.13795647991529136 0.9772126466455252
1305031542.207368 -1.7131367810133475 0.7728905072787071 0.03438766760446519 -0.03985625958092952 0.14773883458957485 -0.1408341579360138 0.978136215097258
1305031542.244091 -1.7061551231153786 0.7691507370201126 0.04408849535328384 -0.04582182939089432 0.13410028718502737 -0.1442263363200695 0.9793447997716936
1305031542.275425 -1.6905120459537797 0.7682944923804581 0.04530600743360215 -0.04955855578634344 0.122497731331804 -0.14691986995131523 0.9802820039052157
1305031542.307528 -1.6680751626250716 0.7678728598757787 0.04486846145640806 -0.05593420382842277 0.11470108526292407 -0.15078067745937848 0.9802959824392233
1305031542.343479 -1.6571439947106295 0.7630504037305234 0.053253149151003466 -0.06342216817511379 0.11760194284859206 -0.15555587611282728 0.9787490899249808
1305031542.375553 -1.653777293251869 0.7638465770326968 0.05957000246624756 -0.06701767122338931 0.12262604919498266 -0.1556199121385407 0.9778823685641437
1305031542.407482 -1.651077665419721 0.764882019574278 0.06392024224748162 -0.07204153512269529 0.1253009114685164 -0.15381571812041778 0.9774714439109861
1305031542.443447 -1.6394656290622827 0.7567524021498778 0.07204582522380554 -0.07763807735459047 0.12464693667199318 -0.1494072021430889 0.9778102873618931
1305031542.475446 -1.6311508937786683 0.7522292191079033 0.0778317089883521 -0.07802995255057134 0.12382381707912825 -0.14437525225094794 0.9786392467944397
1305031542.507447 -1.6150435407762178 0.7500262603657826 0.07787161163551888 -0.07734398415084451 0.11959002733793371 -0.13662161900793396 0.9803319165959253
1305031542.543425 -1.5959968681054437 0.7407025941717378 0.07956310071392106 -0.07916819266846781 0.11624333523257735 -0.13051008622433025 0.9814209095374603
1305031542.575428 -1.581785560392831 0.7317021789686091 0.08404208089676743 -0.07743829091888575 0.11594063272026395 -0.1258894903566781 0.9821980029514037
1305031542.607410 -1.566586403615327 0.7304277761185477 0.0806542504939902 -0.0732458897897534 0.11517085040889741 -0.1188314774597749 0.9834885839752938
1305031542.643424 -1.550496208402147 0.7215112750488676 0.08045849588861641 -0.07331240789822163 0.11387441836019131 -0.11189361404930008 0.9844479299720641
1305031542.675341 -1.532821691465966 0.7132896649152333 0.08096684219661217 -0.07124130936064327 0.11206689082048708 -0.10845354845971865 0.9851921211869837
1305031542.707362 -1.5119919509242716 0.7100442955189277 0.07673902217011067 -0.06859613360560556 0.10937780779465678 -0.10792063756742858 0.985740433178755
1305031542.743855 -1.4884763561408854 0.7081655469890358 0.0732402321737409 -0.06817622623365993 0.10829162353889156 -0.1069527979157213 0.9859949419068282
1305031542.775624 -1.4784972990002647 0.7010017499687975 0.07698649225225711 -0.06967406544775293 0.11213397895328403 -0.10693677179915578 0.9854623393135146
1305031542.807676 -1.4631087277276928 0.6987502135521919 0.07734805176382606 -0.06889234034003819 0.10943739625369792 -0.10818611885387731 0.9856840596413343
1305031542.843453 -1.4368549466778409 0.6959867162428827 0.07522067448117338 -0.07095845321552821 0.10488189652659939 -0.10749696864720641 0.9861080505856891
1305031542.875473 -1.4187442473810008 0.6888115883897846 0.07842018739504668 -0.07514351213776266 0.10691614583043028 -0.10679743071451561 0.9856554667515163
1305031542.907374 -1.4029418364581485 0.6856579323981126 0.08012510997298529 -0.07827265014920348 0.1085772266988432 -0.10684311763333466 0.9852253175266056
1305031542.943449 -1.3964398337455999 0.6804093213636179 0.088065598605235 -0.08307760841253305 0.1110078750995229 -0.11144684054997465 0.9840502854924509
1305031542.975416 -1.3821213460652746 0.6769369176202368 0.09294296953650835 -0.08422411510165051 0.10715469738009929 -0.10967750052506874 0.98457859774794
1305031543.007462 -1.3633849868928845 0.6730732257508024 0.09594662115896416 -0.08727485699813407 0.1018252269076665 -0.10647846207427603 0.9852294451626268
1305031543.043546 -1.3470409174190772 0.6646727432636177 0.10286990725436443 -0.09064838063275144 0.09693672395226605 -0.10306594878479128 0.9857806819161937
1305031543.075465 -1.3239709575358096 0.6619636469049919 0.10350637288673155 -0.09269502188163886 0.08960270463400215 -0.09925989334523316 0.9866744457082741
1305031543.107471 -1.3009032261559526 0.6571168299240907 0.10667737553940429 -0.09761862922865341 0.08425581364684846 -0.09793272807205843 0.9868032944141367
1305031543.143424 -1.2792651417368954 0.6520643757614312 0.11046878187872937 -0.10229294893888635 0.08216071952181893 -0.09710608676079639 0.986588149472236
1305031543.175587 -1.2667084703455087 0.6440382127926265 0.1178313189676245 -0.10716792483276384 0.08364585161798439 -0.0939662758524447 0.9862498397447607
1305031543.207464 -1.2531319657334448 0.6398480976523053 0.12316603220924403 -0.10730567371759978 0.08291430173674896 -0.08621590461831244 0.9870043205307505
1305031543.243490 -1.2369315271055485 0.6331569752819152 0.12621459370724486 -0.10811107228579388 0.08095896811150778 -0.07606505537832717 0.9879128245355612
1305031543.275504 -1.2219844425860558 0.622278650322166 0.13164511358616732 -0.10820354007369257 0.07862571929703137 -0.06861331349431492 0.9886365375565883
1305031543.307391 -1.2094371990421438 0.6134082171963501 0.1339412917847164 -0.1038776217417055 0.07677266733752534 -0.06381441327270691 0.9895671366359293
1305031543.343502 -1.199077103990014 0.6098209769111845 0.13228801546706542 -0.09931399111932929 0.07531504557289578 -0.059834878661811794 0.9903959624179776
1305031543.375520 -1.1916817605847527 0.6023388818449884 0.1343960358146149 -0.09533453314533531 0.07424230412026309 -0.05818287725390992 0.9909662758456186
1305031543.407575 -1.1887039870052887 0.5979860443741571 0.1329488253090664 -0.08856241502962356 0.07144202215042379 -0.06222168046722841 0.9915549397764183
1305031543.443593 -1.1857166887510595 0.592645374432924 0.131178654025985 -0.08332513794666883 0.06901573607411528 -0.06405881783272642 0.9920636156105078
1305031543.475420 -1.186379062713205 0.5898505505486191 0.12837465909763224 -0.07838465645061324 0.06772364693458045 -0.06506516668933401 0.9924897366535796
1305031543.507652 -1.1900463225215108 0.5862087786464437 0.1269057895938873 -0.07450490883401022 0.06364188980440097 -0.06931405585931368 0.9927710159357471
1305031543.543433 -1.1959922597783568 0.5817569296188787 0.12542302974642872 -0.07026944557479145 0.058313880521639716 -0.0760055434375357 0.9929173448600278
1305031543.575393 -1.202201740224354 0.5773305919050944 0.12101151376111924 -0.06851812474461465 0.05588957840908713 -0.07947770389838504 0.992907304933235
1305031543.607524 -1.2154902731589163 0.575883784424161 0.11842399532926531 -0.06510148784736529 0.05255624071686378 -0.08551170768233424 0.992817901576631
1305031543.643400 -1.2291933887265123 0.5768136980724207 0.11277425809017658 -0.06591479668973682 0.04643276734027002 -0.09235940660389137 0.9924560331350983
1305031543.675460 -1.2367975968033467 0.5654114557884126 0.11349637609750053 -0.06855232295565805 0.04194279539441296 -0.09555566728762033 0.9921746294786552
1305031543.707478 -1.2502131181723193 0.5601682409439469 0.10871809752340512 -0.06558725488007877 0.039356281203427976 -0.09845700405291907 0.9921973661928654
1305031543.743399 -1.2680501760420644 0.5546641758869685 0.10253120094435669 -0.06590769211607632 0.03869058094154644 -0.10034517423379354 0.9920131355351759
1305031543.775642 -1.2739092556438936 0.5324491757052424 0.10150934109064333 -0.07778634727600436 0.03453648992310014 -0.09153342359157159 0.9921583277919194
1305031543.807514 -1.290092821450538 0.5257854452219605 0.09283047469790777 -0.07562539513997092 0.03113265914176109 -0.08799849103124434 0.9927576858029926
1305031543.843406 -1.3064242682883616 0.5193604506526879 0.08227645171769374 -0.07960415895393451 0.028278418936797018 -0.08307200065241607 0.9929564701472469
1305031543.875410 -1.3232269291832275 0.5118113346380507 0.07517373287301801 -0.08292605986016963 0.028129037996977066 -0.07595019421685552 0.9932590768857124
1305031543.907459 -1.3380287224007448 0.5053250684075681 0.06331898165938071 -0.08656503792543689 0.03009606104507798 -0.0678124441920638 0.9934798406264923
1305031543.943413 -1.3509768771967476 0.49519186264860554 0.05439798397444401 -0.090624688847655 0.032553582038313704 -0.06255455159380244 0.9933853019562158
1305031543.975473 -1.3620576648521046 0.4869972236242743 0.04268799756251637 -0.0912889973439413 0.037797190337189014 -0.058759479829955004 0.9933705325288589
1305031544.007491 -1.3634900117050832 0.4721414868172623 0.032159121205480236 -0.09328740343205398 0.044539938514690014 -0.05054877709520104 0.9933571741182502
1305031544.043491 -1.3758790480252994 0.46416498070664414 0.018488275849310905 -0.08998128798715989 0.05727727182071396 -0.04945220220932574 0.993064530451873
1305031544.075509 -1.3901435983157413 0.461517580720012 0.0016427055655786373 -0.08820144876095254 0.0723151282732729 -0.04742812359049352 0.9923414733608473
1305031544.107376 -1.4128056204537558 0.446725088438375 -0.001571327133131164 -0.08955406958322704 0.08845309095260649 -0.04288705722064424 0.9911189735066971
1305031544.143795 -1.4433188906808985 0.4380742356298718 -0.00918075999799972 -0.08405640175662933 0.10325511677847832 -0.037360883920371096 0.9903923800875503
1305031544.175829 -1.4576587720426735 0.431273146315588 -0.023465912455657947 -0.08119770341408764 0.11108655677944271 -0.03288946320235733 0.9899419139896186
1305031544.207354 -1.4763028102266267 0.4248224877776714 -0.031242533503819975 -0.07583254997937579 0.12298231381802262 -0.031560927389379136 0.9890038840742319
1305031544.243427 -1.5007213864988544 0.4292297649459677 -0.043879023938461284 -0.06929803315839954 0.13782482599261614 -0.03165649252793181 0.9875221346487961
1305031544.275540 -1.5213442117254679 0.4270629200928279 -0.05141622505808966 -0.06632726994039266 0.15156698001758104 -0.03322466267271984 0.9856593050445432
1305031544.307370 -1.547647649200044 0.4260489622942562 -0.05628035510517092 -0.06300623809034071 0.1669658450395693 -0.03770703643999144 0.9832246945407964
1305031544.343409 -1.579034494283053 0.43072505224486185 -0.06031460729410029 -0.05971815932287949 0.1805027268011857 -0.04162161123630171 0.980877234185054
1305031544.375459 -1.6127498952448105 0.4548110239800257 -0.05909102016080008 -0.05554914426501195 0.19385886074672445 -0.043991333471192245 0.9784670649852438
1305031544.407333 -1.6352626064929088 0.4723429411531157 -0.06421298533135492 -0.06094614730764185 0.20348647124144945 -0.044573109855388975 0.9761619030815951
1305031544.443375 -1.6683397503535775 0.47388268294295405 -0.05157604528068487 -0.0685303910499182 0.21436227937203883 -0.04228314872301385 0.9734292650311274
1305031544.475427 -1.6986478032367178 0.482160348685079 -0.046711860825447815 -0.07379531035561818 0.21949267704773717 -0.04051237021190292 0.9719752901960796
1305031544.507367 -1.7248313399187458 0.48228058173639593 -0.03684680977394338 -0.08106228334504124 0.2206237544006515 -0.03918793396092698 0.9711943013861477
1305031544.543416 -1.7516477163222648 0.4851685866401641 -0.02647897742191277 -0.08617050895277331 0.21935640200858963 -0.04192679126914722 0.9709271633127501
1305031544.575497 -1.773352672666436 0.48621374261867617 -0.015174143058735993 -0.0888191091535789 0.2162072391716677 -0.04265850089436627 0.97136288166698
1305031544.607409 -1.7983503136354855 0.5018799941924755 -0.008576969603030218 -0.0889090372669814 0.2147114862918705 -0.040378463147280066 0.9717837930632834
1305031544.643444 -1.8204790098716912 0.5117709999562244 0.0008027705570341059 -0.09672011470582952 0.2115808778373094 -0.038352097297482866 0.9718064972913968
1305031544.675586 -1.8406252834934582 0.515771755122007 0.020438456872296756 -0.10173891694181769 0.20808587560560055 -0.036769944567871915 0.9721097840930502
1305031544.707411 -1.8607938645623023 0.524488821202093 0.0305247181372204 -0.10393674399881145 0.2031858947336451 -0.03606514937368554 0.9729398493374972
1305031544.743438 -1.8704388706130686 0.5218781564536453 0.04517728878180314 -0.1086162784093627 0.19723134961539293 -0.03508550295259312 0.9736895327957257
1305031544.775418 -1.8751618375656467 0.5170071435583048 0.05949527129549049 -0.1095550914930521 0.1935486724070164 -0.03709970625426728 0.9742485335545965
1305031544.807397 -1.8893815457775505 0.5232904745024239 0.07008879250190583 -0.10566533210993163 0.19402552195986025 -0.03929891777703273 0.9744970648903258
1305031544.843491 -1.911852926968241 0.5297265403427657 0.08680321683833467 -0.1073406721676451 0.19654645584932245 -0.04242405713388447 0.9736773953255636
1305031544.875360 -1.9245634870089616 0.5349674023048492 0.09876851219918795 -0.11255582369318068 0.19554268918572743 -0.04346529135136934 0.9732445795926679
1305031544.907423 -1.9283786257250812 0.5343263650683315 0.11310092783770002 -0.1175440632174543 0.1948466655059269 -0.04701377302363127 0.9726293617250301
1305031544.943434 -1.9365729156616132 0.5379370244709979 0.12385982191749396 -0.12231323527270069 0.19841433127823552 -0.05175575033074337 0.9710780442004866
1305031544.975537 -1.9543107681997203 0.5368869286077471 0.14489775794718118 -0.12956984795558837 0.20425729154508704 -0.05468943249428996 0.9687619311909856
1305031545.007393 -1.9656953259961905 0.5313620546801074 0.16620520846624132 -0.13474666688742598 0.20572944283773612 -0.05370434073849628 0.9677988302835729
1305031545.043477 -1.9687546262862714 0.5254732140059133 0.18090549622601326 -0.13601196064518456 0.2076667723612179 -0.05073040126805144 0.9673684327109882
1305031545.075369 -1.9763770052726772 0.5180456102509967 0.19798877735662151 -0.1345215864480849 0.2133464286532439 -0.04896687578129225 0.9664313163575676
1305031545.107399 -1.987331149918791 0.5187806681274002 0.2092071319056876 -0.1300410976569518 0.22040777643145257 -0.04326382604044703 0.9657318294252625
1305031545.144171 -1.9931244121148592 0.517335666280941 0.21971133525017514 -0.12640646236473085 0.22792086643439582 -0.033264027734092566 0.9648663064772953
1305031545.175406 -1.998090706771423 0.5146954371695328 0.23027568472739074 -0.12344067374323289 0.2370426410328074 -0.021623683550829026 0.9633823761662377
1305031545.207577 -2.0041320778541865 0.5108330913229551 0.2436809646305734 -0.12068744657345809 0.24724659873183735 -0.009911387725078285 0.961356033968937
1305031545.243483 -2.010264065370357 0.4996411170330472 0.2624509589842814 -0.11701968756829824 0.2570384660292641 0.00048491668082776423 0.9592900419365135
1305031545.275369 -2.01873279712149 0.4999035856866845 0.27375832315053267 -0.10684232140470587 0.26450626299226737 0.009328090684825973 0.9584018686954334
1305031545.307451 -2.026108866962096 0.49352697284068636 0.2839725079970082 -0.10382253635920972 0.2711551927595476 0.02205963228910069 0.9566656234059774
1305031545.343494 -2.028701826069731 0.4888951469286924 0.2970359450725911 -0.10011963542800646 0.2773423249427601 0.030945758351893168 0.9550390847693815
1305031545.375545 -2.033867660714452 0.48192005256444076 0.3126884280133372 -0.09434750122388763 0.2854810292660035 0.04053136321622227 0.9528674302010068
1305031545.407452 -2.040149580150075 0.4720038640621736 0.3296448278889518 -0.08674517420311778 0.2924614570885051 0.050117314124493724 0.9510151553445879
1305031545.444180 -2.0462250555999986 0.46657961211578797 0.34247548355538704 -0.07680185840647612 0.29668298216901473 0.056049186667502124 0.9502311146823849
1305031545.475423 -2.0435061553453147 0.44769227347293916 0.35869966103476836 -0.06848192885398864 0.3000941688287904 0.06234491628358397 0.9494034056548312
1305031545.507394 -2.0486865952112985 0.43922693135114005 0.37018525317790324 -0.05325929634455346 0.302269709340968 0.06358067725859509 0.9496072702160365
1305031545.543418 -2.0571534927665844 0.42767517727095106 0.3820983695004464 -0.04169136636484656 0.3042363696040996 0.06565744050918722 0.9494162216259721
1305031545.578078 -2.063157147159022 0.41860886667991787 0.3964440306208668 -0.02872183673202769 0.30297031187297757 0.06382854410336149 0.9504262008046596
1305031545.607417 -2.0747641882646133 0.4176188734560764 0.40903658052149644 -0.01828362616898294 0.3002142566000857 0.05869911400561175 0.9518883984812146
1305031545.643463 -2.0748838537366585 0.4097540445289788 0.4216561797881958 -0.009243615189257865 0.29656950370839313 0.05499166633374025 0.9533818761032922
1305031545.675289 -2.073550872994914 0.39869132160937965 0.4344054262839634 -1.840324352373031e-05 0.2951190457340046 0.04935677901598351 0.954184812744126
1305031545.707398 -2.079619814841739 0.39929229025468477 0.4430924413337111 0.012530135257066312 0.29546685467943 0.04113529436480427 0.9543847342941993
1305031545.743570 -2.0916047650475456 0.41071767969844236 0.44641647035755916 0.0182179969932574 0.2963232825492021 0.037313256758215535 0.9541846454826861
1305031545.775452 -2.097349276714889 0.4150910065948073 0.45970447750921456 0.01814980209791388 0.2947518000296632 0.03539245452508976 0.9547456913889552
1305031545.807404 -2.1014280536901593 0.4243849719818348 0.46932295046233763 0.016068097103876043 0.2919122098910435 0.03327633686045849 0.95573100994848
1305031545.843376 -2.1051615247329223 0.43633677010052113 0.4820859489110707 0.011528659435400226 0.29188169522816404 0.033386326876760936 0.955802029282235
1305031545.875537 -2.0983093861504396 0.4548139910736249 0.48289453084271095 0.003534317326039173 0.29183485027926587 0.03534761281073032 0.955808806734958
1305031545.907389 -2.1015088154109054 0.4608989273592534 0.4966775212944114 -0.006634534433339908 0.2973249562617584 0.037090221517302416 0.9540325826745112
1305031545.943457 -2.1060691788724384 0.47182734602527454 0.5056702855305019 -0.01870021385453667 0.3008638651472361 0.0388400074504822 0.9526923377836681
1305031545.975621 -2.106021038556647 0.47777283998702613 0.5168946764969475 -0.03237920612490262 0.3051534090080872 0.044400221974755114 0.9507163637331908
1305031546.007516 -2.1058246464264747 0.4876224538712885 0.5208122917423483 -0.04386898141617163 0.30588614271218567 0.05091673331726531 0.9496929327074466
1305031546.043769 -2.0998974333312623 0.49916564969859006 0.5258788029910823 -0.058767973187681836 0.307354503748801 0.05694477592191825 0.9480700537660427
1305031546.075414 -2.094217773929813 0.508455107627104 0.5309555091668541 -0.07488499716651423 0.3144200281309236 0.06402426381670133 0.9441573898202851
1305031546.107395 -2.091562713390569 0.5148705512976895 0.5363685272541885 -0.08862698092256867 0.3215212842965627 0.066576495520945 0.940391882270893
1305031546.143502 -2.088033366036876 0.5261732895775142 0.5388061042340759 -0.09771656920995543 0.3297423377316107 0.07424753816255554 0.9360602362486786
1305031546.175952 -2.0881571952222893 0.5356864642295003 0.5432734229421909 -0.1069230173861178 0.3377742633430126 0.08192995165759442 0.9315382431213017
1305031546.207500 -2.080592287547747 0.5426757579536412 0.5421891940611331 -0.11662944796441581 0.3426377814244924 0.09271257801062205 0.9275781910365538
1305031546.243551 -2.0719599033551557 0.5481195365538925 0.545645172946468 -0.12247835220133409 0.351668736581517 0.10238834953387997 0.9224124776004158
1305031546.276098 -2.0731894201659107 0.5623057054520557 0.5486693713148953 -0.12120161206422575 0.3623801225329422 0.1095638971617046 0.9175982609316488
1305031546.308110 -2.0676971140112625 0.5765655475092999 0.544003386078965 -0.12377999165197599 0.36798660585869913 0.12092240003868548 0.9135875134567676
1305031546.343919 -2.060990987194958 0.583334611388672 0.5507645227675025 -0.12607344161116982 0.3764387366477865 0.13115414721229482 0.908404070081345
1305031546.376056 -2.060624241303186 0.5957442459660097 0.5540402083871345 -0.12263871972381968 0.38253239535027056 0.13917115232301283 0.9051298808973085
1305031546.407659 -2.056963443242123 0.6084439535002105 0.5528723498067676 -0.12053234645029781 0.3852489308809348 0.14816899665838504 0.9028295316080074
1305031546.443968 -2.0508569557093526 0.6175661304693314 0.558449424189379 -0.11794524974290228 0.38778663307056876 0.15536064834811872 0.9008737504332852
1305031546.475996 -2.0519219372055093 0.6373166926858066 0.5522962139520758 -0.11340147389076755 0.38808413233261985 0.16032036084849183 0.9004599901430672
1305031546.507967 -2.044381830380628 0.6440212776226872 0.5560859753675442 -0.1166391634925641 0.39023523898800905 0.16720833627822454 0.8978603098872333
1305031546.544068 -2.0450483974622857 0.6580427980458726 0.5593055368026579 -0.11306072848493569 0.39405089847167085 0.1697564877187155 0.8961718004744038
1305031546.576412 -2.0459846836075832 0.6746747546001821 0.5578606262316327 -0.11263429900852712 0.3959576746325032 0.17366268590771455 0.8946352922335455
1305031546.607717 -2.0456300720335077 0.6853594939137206 0.561384081044239 -0.11754291899849312 0.39756603443102906 0.17933194676928402 0.8921686854670716
1305031546.644200 -2.041432003174533 0.695616328407382 0.5616374997521673 -0.12411750508692981 0.3972736230002509 0.18608412935513471 0.8900231514974182
1305031546.676003 -2.0380175318109908 0.703829030392233 0.5649378309433153 -0.1316783453808291 0.3989307330460921 0.1904658193951972 0.887264253326592
1305031546.707934 -2.0342577385364615 0.7135702834884368 0.566304936663219 -0.1365849347515782 0.40052449407019886 0.1944339841018639 0.8849407387362153
1305031546.743887 -2.032980668781747 0.7237639486556299 0.5677438845149736 -0.14418661166514107 0.4036319761599749 0.19791512766341934 0.8815446960192636
1305031546.775864 -2.027457916667544 0.7288183164844036 0.5725887713846004 -0.15469828130563437 0.4043361241592731 0.20063324245717554 0.8788213939601516
1305031546.807996 -2.0231614878691024 0.7347561851509569 0.5768944691145088 -0.15879748668444757 0.40525895615432134 0.20199411917715138 0.8773522168988138
1305031546.844079 -2.022205640036857 0.7395341799185489 0.5828849088438651 -0.16163932407938714 0.40627275578424643 0.2029268575715277 0.876148313526187
1305031546.876064 -2.016843735226343 0.7407316027405095 0.5868342034144065 -0.1654750876623914 0.40329638301198956 0.2034482275875766 0.8766862845419952
1305031546.907783 -2.011181682368273 0.7439341525833827 0.5901927707710504 -0.16406991474546073 0.4027841794466637 0.20115170647854777 0.8777151923281649
1305031546.943858 -2.0125833810607445 0.7481963466683225 0.5948795894009526 -0.16045428397436728 0.40533041170147727 0.19727681624162402 0.8780908483054339
1305031546.975884 -2.010523056479139 0.749129935592094 0.5951220238469501 -0.16220510165690036 0.40235235180208273 0.19681277134731062 0.879242186789512
1305031547.011984 -2.007136869032489 0.7493103949035422 0.5997835295559435 -0.1623094199066232 0.40076180432406383 0.19477947211021363 0.8804013775823882
1305031547.044214 -2.0036055349704105 0.7502903999211851 0.5975172312591184 -0.16171362840186213 0.3985008547980508 0.19369561451222653 0.8817753568982648
1305031547.076346 -1.9973351500211927 0.7470802181115289 0.5975438645962138 -0.16403653359280712 0.39898053927377103 0.19250689950866307 0.8813896065697806
1305031547.111991 -1.995581903284322 0.7468061546061416 0.5993459660687257 -0.16131054231959138 0.4026979862538983 0.18937644295220044 0.8808801301303094
1305031547.144071 -1.996878419516277 0.747499349857156 0.6004068172108451 -0.15658600365901262 0.406491779552123 0.18670114971538715 0.8805611491030051
1305031547.175909 -2.0006679935584137 0.7476100223327966 0.601747998111193 -0.15335581543319962 0.40871441143073717 0.18637921726284065 0.8801689105700904
1305031547.211964 -1.9995538213150483 0.7429557838514137 0.6016485860434098 -0.15369088847373424 0.4057586910149297 0.18756642534604592 0.8812251877635566
1305031547.244113 -1.9978332736075315 0.7405615092431651 0.5985016880006258 -0.15091785858271525 0.40342568530315537 0.18716018607779297 0.8828604539483107
1305031547.276546 -2.000288657918617 0.7356435398223196 0.5994299754188291 -0.15096408038601983 0.4052405377297708 0.18585941827426952 0.8822959988872465
1305031547.312261 -2.0006286278488643 0.7314911059564647 0.5978752790861183 -0.15069248722151338 0.404057504475715 0.18590695956613718 0.8828747984605351
1305031547.344192 -2.003113918669155 0.7299246665166478 0.5969452317026749 -0.14836080377354008 0.4032515316846813 0.18561760173345887 0.8836986930081718
1305031547.376753 -2.0031580075518773 0.7242758016209799 0.5955691989962423 -0.1495046020734898 0.3999065157028713 0.1893799537349303 0.8842275644768129
1305031547.412260 -2.0029192360228985 0.7225583529044393 0.5942648090294185 -0.14763560905673612 0.3968848435257622 0.18968351504882586 0.885836504122913
1305031547.444472 -2.0010495535613795 0.719346756941367 0.5921441365382348 -0.14717644341085215 0.39408663876914624 0.18959975534390838 0.8871790960240795
1305031547.476347 -1.9994324072720615 0.7161085596676129 0.5899316183213821 -0.14559515006956245 0.39282979352109715 0.18892090884918325 0.8881417092998147
1305031547.512114 -2.000371921866042 0.7159750416040268 0.5879319495724427 -0.1445439927148943 0.39304436374633145 0.18785060939619946 0.8884454461849407
1305031547.544015 -1.997331005962624 0.7124083891612006 0.5873753394774472 -0.14665999528677637 0.3923961224423098 0.1882527804041571 0.8883000729172721
1305031547.576437 -1.9980963768245381 0.7129287215222909 0.5881060502203835 -0.14417399189959137 0.3941592154356779 0.18807372549970075 0.887964327393581
1305031547.612296 -1.9985584870570456 0.7132607764217889 0.5870868511271211 -0.1449217526086725 0.3935326829387008 0.1892253073112548 0.8878758337475255
1305031547.644160 -1.9940316867626549 0.7093364579022896 0.5872093944278577 -0.14721742251956083 0.3921352759986341 0.19127625473193163 0.8876769402208786
1305031547.677287 -1.9970779015860283 0.7132430720610122 0.5868644528345727 -0.14481903329199391 0.3947180710715162 0.1903749778296761 0.8871203186616278
1305031547.712338 -1.9919057435714935 0.7090695488287534 0.5858253205722572 -0.15223618100153496 0.3924655976202324 0.19360145117189337 0.8861790891139344
1305031547.744332 -1.9887360185811656 0.7089536778121374 0.5883520652417266 -0.15148428236814002 0.3941536713195183 0.19284981882523247 0.8857224977157537
1305031547.776390 -1.9897205045681028 0.710294275383953 0.586528187020063 -0.15058039082172492 0.3949292926081051 0.1914855498922619 0.885827118529626
1305031547.812317 -1.9861975011262376 0.7080272409568399 0.5849844206498065 -0.15329736684853068 0.39436302814947927 0.1921112323320831 0.8854778335779683
1305031547.844564 -1.9875537633768792 0.7099192105415797 0.5858647699966085 -0.1514431253017202 0.39684010077865595 0.19078703020885268 0.8849763970394486
1305031547.876362 -1.986801219220765 0.7090602968375184 0.5846102860715511 -0.15299212105156418 0.39577688962780894 0.19166219035868334 0.8849969883110317
1305031547.912744 -1.9845883678022858 0.7080239790510214 0.5848551501000707 -0.15352398099555095 0.39605633297835546 0.19231363287957726 0.8846384769925388
1305031547.944304 -1.9845260082623406 0.7079057982688524 0.5840011602847688 -0.1531701318905511 0.3965963844146832 0.19242962945431838 0.8844326182779045
1305031547.976482 -1.9842476808985994 0.7077375418383871 0.583785486199341 -0.15352287070008042 0.39658377977260534 0.1925026501425772 0.8843612177619327
